2.79714139792753
3.09941930044968
3.24493451397713
3.34377032704102
3.40446765295251
3.64658744581835
3.92183630458998
3.93507306158348
4.14342853202514
4.2178667593939
4.3449280776556
4.39745380873978
4.48909790492478
4.55806976690792
4.68632051827444
4.78263525684324
4.82112020177884
4.94675651311039
5.0790550302197
5.23236084382566
5.2579844046935
5.63119880664855
5.6551569385827
5.98518170150247
6.02966002358342
6.22331101585
6.44062108806286
6.57899688402419
6.65636537458694
6.89138592737339
6.97790799595409
7.09681618755904
7.28560224003479
7.34247914535683
7.5014665232873
7.55608364167576
7.65360045991428
7.73594208871809
7.73594208871809
7.7361489127343
7.74813525953181
7.75969071548602
7.7821333835909
7.8323431998349
7.87776618084086
7.92827850166731
7.97756855188346
8.03761158553957
8.10125916138967
8.20136573992405
8.33229860242658
8.41788572029818
8.53866500104085
8.62109041827076
8.74327169885507
8.91560429808322
9.09470175431828
9.30737342111081
9.42235639317469
9.53091810897565
9.76131138730857
9.91144792651407
10.0385656345914
10.3131760384471
10.4719816653774
10.5887487457206
10.8813969691396
10.9104720337848
11.2120649302437
11.3549284453932
11.5411611200953
11.7295524211284
11.888347235844
12.1370177556103
12.2383005356136
12.476986815734
12.611169652336
12.8482839321055
12.9864544814972
13.1575073627188
13.3637719226272
13.5022961010341
13.7401018919075
13.7785340294242
14.0977728737556
14.1255513166743
14.3449503310398
14.4767952254634
14.6481398136419
14.7881033266609
14.874945378051
15.1028474136502
15.1511319709123
15.359062471388
15.4211283633851
15.6168626810893
15.7478633471338
15.8167000350895
16.0527630020505
16.0692999225231
16.2371918754445
16.3856522604381
16.4580436261422
16.6226832972297
16.7126778225394
16.8331102295446
16.9965172903157
17.0416431132682
17.1883216167257
17.3644233995834
17.369490493391
17.5700199203074
17.6970958069396
17.7453543216246
17.951178234311
18.0155488398217
18.1147895378334
18.332135718459
18.332135718459
18.4851075192978
18.6618327074272
18.6618327074272
18.8223271674891
18.977460314805
18.9819282476781
19.1633817474891
19.0862044419523
19.0966384476431
19.1969580923645
19.1495587416525
19.053230697181
19.1025862123431
19.1194142169681
19.0310483158443
18.9781347871702
19.0558757342716
18.9780504794354
18.8682590611853
18.9160249524048
18.8854653106562
18.7620894358811
18.9155174393935
18.8822879969563
18.9126835747865
19.0148152765153
18.9608860552454
19.1077785208014
19.0881743495809
19.2231943235249
19.2974609728845
19.3026008610239
19.4877192097998
19.4871034276518
19.5232374364499
19.6751213465127
19.7292473247207
19.6795528404484
19.811309901165
19.9046929139839
19.8588217173124
19.8824143403159
19.974864204795
20.0081183523089
19.9478520146907
19.922570115324
19.9835532376002
20.0119964021584
19.9206827192243
19.8474179680884
19.8789536947999
19.8876041794883
19.7617003317022
19.6934506879825
19.7081100057819
19.5640077693708
19.4779465036744
19.4871444804004
19.3205797014479
19.254090474494
19.196624703317
19.0203259698671
19.0218400792352
18.8163758465864
18.7879961677663
18.6504691629996
18.5581895668732
18.4769694484783
18.3309574218042
18.2726462232486
18.0999447512969
18.0633994585737
17.8714073312652
17.8434525807087
17.6418139656896
17.6179908048563
17.4114445121592
17.3827500701126
17.1772873294941
17.1506268107029
16.9535365042224
16.9165008202051
16.7183731265934
16.6780814244325
16.4829123640211
16.4248592079202
16.2696281457199
16.1617325803888
16.0528128376307
15.8810578992711
15.811944851915
15.6552355459763
15.5076239314732
15.4289597834721
15.2829840018237
15.1097849091243
15.0057055815446
14.9021340753598
14.779012145607
14.6255119568513
14.4747504296274
14.3237425277055
14.1998873234966
14.0699964463393
13.9222411988875
13.7537194969216
13.5925273588101
13.4538024364861
13.2918621720209
13.0880097799474
12.9422718253018
12.7991249700907
12.6269552941317
12.5111150582192
12.3054459488472
12.2551540178
12.1047428721142
11.9136224549882
11.8892220098709
11.7221840968311
11.5281915320661
11.513261918327
11.3338431257892
11.1451514121612
11.1328702498502
10.9255663468765
10.7642370839739
10.7071564852672
10.4843502421466
10.4043068005514
10.2490584933446
10.0163865740096
9.99591916734023
9.74564518131046
9.6511968169756
9.45498810152609
9.2630880380141
9.14741493537928
8.89602158270763
8.80536200277989
8.48282971655095
8.43231877955286
8.09345414517188
8.03233465438286
7.69082570339492
7.609257519627
7.31661123745139
7.16413288542305
6.88069763904795
6.74471645067456
6.50279939718273
6.28191053740819
6.10390039237208
5.80330940067821
5.74804314527997
5.37356492470315
5.41494228962784
5.19183975099386
5.45072472245664
5.35058875265143
5.57106812020819
5.71552272325113
6.14543733187476
6.40524784844427
7.0359079016144
6.88720552909524
6.70820393249937
6.7114230979726
6.7481553034885
6.89962317811632
6.93847245436631
6.96505563509725
7.23281411346925
7.52287179207515
7.59125813024429
7.7352181611122
8.14773588182631
8.15499846719789
8.48103767236062
8.72596126509853
8.88198176084594
9.26723259662776
9.33740863409115
9.82136446732327
9.83048320277289
10.2899562681286
10.3223253194229
10.7452687262813
10.816653826392
11.2173437140885
11.2915543659852
11.6802054776446
11.7621086544888
12.1195379449878
12.2161859841769
12.5457243712749
12.6627011336444
12.9755462312767
13.0998625946992
13.3905638417507
13.5252652469369
13.8024345678579
13.9456659934189
14.197182819137
14.3528115712567
14.5949580335128
14.7569644575028
14.9894362802608
15.1403566668688
15.3673419952834
15.5328297486324
15.7415119985343
15.9010439908831
16.1076379398098
16.2697756591786
16.4754848183597
16.6299488874741
16.8249814264385
16.9909623035307
17.1664323608605
17.3391579957044
17.5090376663025
17.6933433810572
17.8295933773039
18.0245166370696
18.1508346915507
18.3658814109206
18.4800432899926
18.6832117153342
18.8036592183543
19.017297389482
19.1216317295361
19.3298111734181
19.4492159224993
19.6587283413755
19.760647762662
19.9665720643279
20.0698779268834
20.2846148595432
20.3729624748096
20.5882685041749
20.662236084219
20.8914145045279
20.9599236639831
21.1924137369956
21.2467032736846
21.4909841561526
21.5336016495151
21.7777868480707
21.8239134895646
22.0746007891423
22.1107756535134
22.3560998387465
22.4006428479185
22.6455116965813
22.6780951581036
22.9230364480799
22.9540758907868
23.2071023611307
23.2323567465722
23.4797955698085
23.5091131266154
23.7538375846935
23.7786795259956
24.0244209087337
24.0480851628565
24.2946578490005
24.3044358091275
24.5639736199174
24.5658299269534
24.8224092303709
24.8277264363856
25.07062025559
25.0921820493954
25.3258760954088
25.3553939034676
25.5785847927519
25.6156826963483
25.8404643921118
25.8732294080194
26.0950570031951
26.1329217654666
26.3406302126582
26.3877547358619
26.5738217048282
26.5836942504235
26.6972957432022
26.8249137929649
26.8249137929649
26.9325082381868
27.0397337264996
27.0745637083961
27.0745637083961
27.1450916373476
27.2164656044829
27.3205270812992
27.3205270812992
27.3205270812992
27.3205270812992
27.3394659786909
27.3868581622646
27.4639545586574
27.5073808276979
27.5659790321331
27.5659790321331
27.5659790321331
27.5659790321331
27.5659790321331
27.5659790321331
27.6168644128909
27.6230628280066
27.6230628280066
27.6230628280066
27.5252320607838
27.3540636834822
27.3540636834822
27.1799337747538
27.0849921543278
26.9876416161176
26.8084165888252
26.7780208379932
26.5439107894824
26.5285657358252
26.3169907094257
26.2522227630347
26.0799079752978
25.9789145269774
25.8361297411203
25.6982800980922
25.5902794044926
25.4087543968609
25.3412549018394
25.122675016805
25.0888341698055
24.8340089393557
24.8340089393557
24.5773554313722
24.5440664927391
24.3176314636109
24.2444880333654
24.0538396103408
23.9543899943204
23.7880642339809
23.6473423453884
23.5198979589623
23.3385517974016
23.246229801841
23.0412846864058
22.971599857215
22.732848479678
22.6928006204611
22.4201694908848
22.4115684413207
22.1237971424437
22.1041534558553
21.8361168709091
21.7722024609363
21.5454867663741
21.4483565804003
21.2537808401235
21.1200378787539
20.954006776748
20.8046148726671
20.6523219033599
20.4727330857411
20.346871995469
20.1444781515928
20.036566572145
19.7956762955955
19.7229612381103
19.4490513907491
19.4046592343179
19.0972249292927
19.0849050298921
18.7623452691821
18.7495066601764
18.4341422366217
18.4041734397392
18.1009171038376
18.0487783520104
17.7651794249312
17.6795927554907
17.4209069798332
17.3234638568619
17.0753623680436
16.9440491028561
16.7220094486279
16.5602898525358
16.3589241700058
16.1673250725035
15.992498241363
15.7690329443501
15.6181432955393
15.3636974716375
15.2379001177984
14.9517089324264
14.8486228317646
14.5328868432944
14.4485847057766
14.1052047131546
14.0429626503812
13.6650210391349
13.6262100380113
13.2172614410096
13.2015150645674
12.7650146885932
12.7559868297204
12.3274003747749
12.2886614405313
11.8717142822762
11.7973556359042
11.4014034223862
11.2995575134604
10.9218313482676
10.7861392536904
10.4255839165008
10.2520241903733
9.91524079384862
9.71135417951585
9.38756624477291
9.13016976841066
8.84361916864356
8.51765225869195
8.28212533109707
7.85029935734939
7.70693194468461
7.15083211941101
7.11752766064173
6.50267637207943
6.36829647551056
5.86460569859561
5.54674679429302
5.20215340027569
4.66304621465411
4.66304621465411
4.66304621465411
4.66304621465411
4.66304621465411
4.66304621465411
4.66304621465411
4.66304621465411
4.66304621465411
4.66304621465411
4.6627030786873
4.44378217287931
4.2432063348369
4.07136340799983
3.92652518137857
3.81512778291894
3.70664268577374
3.60754764348303
3.52249911284588
3.45554626651127
3.40399764982292
3.34902971022952
3.31324614238061
3.27853625875939
3.23035601753119
3.19699859243009
3.17414555431852
3.14909510812233
3.12409987036266
3.10998392278803
3.09838667696593
3.08596824351775
3.07974024878723
3.06724632202893
3.06385378241195
3.06385378241195
3.06385378241195
3.06385378241195
3.06385378241195
3.06385378241195
3.06385378241195
3.06385378241195
3.06385378241195
3.06385378241195
3.06385378241195
3.06385378241195
3.06385378241195
3.06385378241195
3.06385378241195
3.06385378241195
3.06385378241195
3.06385378241195
3.06385378241195
3.06385378241195
3.06385378241195
3.06385378241195
3.06385378241195
3.06385378241195
3.06385378241195
3.06385378241195
3.06385378241195
3.06385378241195
3.06385378241195
3.06385378241195
3.05103261208398
3.04657184389274
3.04657184389274
3.04657184389274
3.04657184389274
3.04657184389274
3.04657184389274
3.04657184389274
3.04657184389274
3.04657184389274
3.04604661815935
3.03499588138106
3.03077547832234
3.02813473940642
3.02231699197817
3.00452991331423
2.99599732977184
2.98851133509645
2.98073816360981
2.9656702446496
2.9656702446496
2.95540183393054
2.94889809929065
2.93203001348895
2.9298464123568
2.92875400127768
2.92875400127768
2.92602118926026
2.9178073959739
2.91176922162454
2.91176922162454
2.89634252118081
2.88360885003497
2.86775173262959
2.85348909232189
2.84084494473035
2.83774558408607
2.82616347722491
2.82616347722491
2.80855834904671
2.80285568661678
2.80228478210192
2.80228478210192
2.80171376125399
2.79112880390712
2.77733685389439
2.76897092798029
2.76897092798029
2.76492314540567
2.7646337913004
2.75651954464321
2.74167831811101
2.72176413379264
2.71086701997719
2.71086701997719
2.70170316652293
2.70170316652293
2.70170316652293
2.70170316652293
2.70170316652293
2.70170316652293
2.70170316652293
2.70170316652293
2.70170316652293
2.70170316652293
2.70170316652293
2.70170316652293
2.70170316652293
2.70170316652293
2.70170316652293
2.70170316652293
2.70170316652293
2.70170316652293
2.70170316652293
2.70170316652293
2.70170316652293
2.70170316652293
2.70170316652293
2.70170316652293
2.70170316652293
2.70170316652293
2.70170316652293
2.70170316652293
2.70170316652293
2.70170316652293
2.70170316652293
2.70170316652293
2.70170316652293
2.68745232515853
2.65872149726142
2.61135979903191
2.56187431385695
2.54181037845076
2.4738633753706
2.42553086972729
2.40466213843026
2.34162336852022
2.31136323411099
2.26733323532294
2.23714103265753
2.19380947212833
2.13129068876116
2.08576125191739
2.02504320941554
1.97666385609693
1.90787840283389
1.84694342089843
1.80310842713354
1.75863583495845
1.72973986483517
1.68428026171418
1.65360212868755
1.60249804992081
1.54867685460848
1.52315462117278
1.48647233408496
1.43499128917217
1.39942845476287
1.36293800299207
1.33266649991661
1.31087756865392
1.28436754864019
1.25984125984189
1.2218019479441
1.18995798245148
1.1879393923934
1.1879393923934
1.18861263664829
1.18861263664829
1.18928549978548
1.18928549978548
1.18928549978548
1.18928549978548
1.18928549978548
1.18928549978548
1.18928549978548
1.18928549978548
1.18928549978548
1.18928549978548
1.18928549978548
1.18928549978548
1.18928549978548
1.18928549978548
1.18928549978548
1.18928549978548
1.18928549978548
1.18928549978548
1.18928549978548
1.18928549978548
1.18928549978548
1.18928549978548
1.18928549978548
1.18928549978548
1.18928549978548
1.18928549978548
1.18928549978548
1.18928549978548
1.18928549978548
1.18928549978548
1.18928549978548
1.18928549978548
1.18928549978548
1.18928549978548
1.18928549978548
1.18928549978548
1.18928549978548
1.18928549978548
1.18928549978548
1.18928549978548
1.18928549978548
1.18928549978548
1.18928549978548
1.18928549978548
1.18928549978548
1.18928549978548
1.18928549978548
1.18928549978548
1.18928549978548
1.18928549978548
1.18928549978548
1.18928549978548
1.18928549978548
1.18928549978548
1.18928549978548
1.18928549978548
1.18928549978548
1.18928549978548
1.18928549978548
1.18928549978548
1.18928549978548
1.18928549978548
1.18928549978548
1.18928549978548
1.18928549978548
1.18928549978548
1.18928549978548
1.18928549978548
1.18928549978548
1.18928549978548
1.18928549978548
1.18928549978548
1.18928549978548
1.18928549978548
1.18928549978548
1.18928549978548
1.18928549978548
1.18928549978548
1.18928549978548
1.18928549978548
1.18928549978548
1.18928549978548
1.18928549978548
1.18928549978548
1.18928549978548
1.18928549978548
1.18928549978548
1.18928549978548
1.18928549978548
1.18928549978548
1.18928549978548
1.18928549978548
1.18928549978548
1.18928549978548
1.18928549978548
1.18928549978548
1.18928549978548
1.18928549978548
1.18928549978548
1.18928549978548
1.18928549978548
1.18928549978548
1.18928549978548
1.18928549978548
1.18928549978548
1.18928549978548
1.18928549978548
1.18928549978548
1.18928549978548
1.18928549978548
1.18928549978548
1.18928549978548
1.18928549978548
1.18928549978548
1.18928549978548
1.18928549978548
1.18928549978548
1.18928549978548
1.18928549978548
1.18928549978548
1.18928549978548
1.18928549978548
1.18928549978548
1.18928549978548
1.18928549978548
1.18928549978548
1.18928549978548
1.18928549978548
1.18928549978548
1.18861263664829
1.18861263664829
1.18861263664829
1.18861263664829
1.18861263664829
1.18861263664829
1.18861263664829
1.18861263664829
1.18861263664829
1.18861263664829
1.18861263664829
1.18861263664829
1.18861263664829
1.18659175793531
1.1838918869559
1.17915223783869
1.1737120600897
1.16824654932082
1.16619037896906
1.16550418274668
1.16275534829989
1.16068945028375
1.15861986863682
1.15377640814848
1.15099956559505
1.14612390255155
1.14332847423652
1.13841995766062
1.13207773584679
1.1264102272263
1.11928548637066
1.11498878918131
1.10923396990896
1.10562199688682
1.10562199688682
1.10272390016722
1.09617516848358
1.09325202949732
1.09032105363512
1.08738217752545
1.08148046676766
1.07480230740355
1.06357886402467
1.05754432531218
1.05147515424759
1.05147515424759
1.04690018626419
1.0346013725102
1.0299514551667
1.02371871136558
1.02058806577385
1.00955435712992
0.997597113067194
0.990353472251196
0.987117014340245
0.979795897113271
0.979795897113271
0.975704873412037
0.972419662491458
0.964987046545186
0.959166304662544
0.950789145920377
0.944033897696476
0.940638081304388
0.932952303175248
0.926066952223218
0.91825922265992
0.913016976841066
0.912140340079311
0.905096679918781
0.897997772825746
0.896214260096324
0.890842298052804
0.885437744847147
0.879090439033437
0.874528444363019
0.868101376568429
0.864407311398973
0.851351866151711
0.847584804016684
0.84380092438916
0.838093073590279
0.833306666239987
0.82849260708832
0.823650411278961
0.81877957961835
0.813879597975033
0.805977667184396
0.796994353806852
0.79397732965117
0.778716893357273
0.775628777186614
0.771492060879438
0.763151361133558
0.758946638440412
0.755777745107648
0.753657747256671
0.753657747256671
0.753657747256671
0.753657747256671
0.753657747256671
0.753657747256671
0.753657747256671
0.753657747256671
0.753657747256671
0.753657747256671
0.746190324247106
0.740810367098086
0.737563556583431
0.822678552048126
0.839047078536121
0.969123315166857
0.986306240475036
1.21983605455815
1.22572427568356
1.42604347759807
1.46642422238587
1.68617911266864
1.81151869987588
1.91958328811229
2.13990654001524
2.17660285766605
2.43014402865345
2.53550783867848
2.71086701997719
2.87972220882501
2.9683665541843
3.26361762466132
3.30865531598563
3.55550277738606
3.70793743205033
3.8191098439296
4.10774877518088
4.15384159543909
4.26107967538745
4.31981481084549
4.39690800449589
4.47910705386688
4.59286403021035
4.6931439355724
4.71694816592254
4.82841588929537
4.98525826813416
5.07779479695665
5.19137746653044
5.30931257320569
5.50170882544687
5.71020139749904
5.89969490736597
5.9837112229786
6.12836030272372
6.33807541766426
6.46974497178985
6.56036584345721
6.77973450807626
6.88325504394542
6.99531271638374
7.18687692951535
7.2269495639585
7.41576698663058
7.46908294236983
7.58756878057787
7.6708278562356
7.72486893092692
7.72486893092692
7.73408042368322
7.74565684755012
7.78799075500222
7.81843974204572
7.85518936754551
7.94068007163115
8.01568462453458
8.07385905252253
8.14655755518857
8.22571577432627
8.32288411549746
8.45553073437735
8.58370549354997
8.69068466807996
8.8388234511161
9.01474347943412
9.22006507569225
9.40093612359961
9.48227820726644
9.65136259809982
9.89812103381243
10.0516267340167
10.1660611841558
10.4504162596521
10.5791493041738
10.7468320913653
11.0265860537158
11.0648994572929
11.3792091113574
11.4887074991054
11.7103714714778
11.8887509857007
12.0623049207023
12.2746568180133
12.4347899057443
12.6459479676298
12.818049773659
12.9961840553295
13.2013332660001
13.3360863824437
13.5828126689578
13.6610394919274
13.9637817227283
13.9783260800426
14.2741724803927
14.3538148239414
14.5649991417782
14.6915485909417
14.8396765463402
15.0079978678037
15.1022647308276
15.3171276680715
15.3574477046155
15.6
15.6474151219938
15.835959080523
15.9708734889486
16.063822708185
16.2831446594323
16.2972881179661
16.4971755158269
16.6182550227152
16.7038678155689
16.9025915172792
16.9488170678664
17.1014385359829
17.2682830646246
17.2973986483517
17.4979313063002
17.5932259691053
17.6945189253622
17.8955636960672
17.9125430913648
18.0872109513877
18.251224616447
18.2700629446097
18.4685245756124
18.5813670110678
18.6407295994551
18.7454527819415
18.7659265691838
18.7435322178078
18.6913455909413
18.6296108386622
18.5642236573469
18.4987350918921
18.4604658662776
18.4657087597525
18.4719462970202
18.4283694341089
18.3281204710139
18.2272762638854
18.1258710135541
18.1020219865075
18.1036128990873
18.0165701508361
17.8866654242763
17.7458953000405
17.7153944353492
17.7158008568622
17.5795790620822
17.4094227359784
17.3265576500354
17.3265114780789
17.2153419948603
17.0843554165792
16.9977410263835
16.9682998559078
16.9395159316906
16.939657611652
16.9400354190893
16.9404604423847
16.9408382319176
16.9415937857098
16.9432936585541
16.9440491028561
16.8872970010005
16.8291651605182
16.767444647292
16.7019998802539
16.6212875554212
16.5663755842973
16.5669550612054
16.5664238748138
16.5641057712151
16.5614009069281
16.4851448279959
16.4073154415949
16.3291151015601
16.2505876816809
16.1676219649026
16.1094754725286
16.0820894164906
16.0502211822766
16.0170409252146
15.9399372646193
15.8379796691371
15.7354122920246
15.6321719540184
15.5138131998552
15.3994805107185
15.2894211793645
15.2122056257467
15.1269296289763
15.0367549690749
14.9460362638393
14.8349856757598
14.7223911101424
14.6096406526649
14.4748056981778
14.3496341416776
14.2059142613209
14.0496263295505
13.9328676158212
13.8263516518278
13.7289766552355
13.5844028208825
13.4262429592198
13.3353065206616
13.2257929818971
13.0454589800436
12.9013487666988
12.6026663845394
12.3551446774208
12.2144832064234
11.823840323685
11.7788284646649
11.4506943020937
11.3802636173333
11.3802636173333
11.3802636173333
11.3802636173333
11.3802636173333
11.3802636173333
11.3802636173333
11.3802636173333
11.3802636173333
11.3802636173333
11.3802636173333
11.3802636173333
11.3802636173333
11.3802636173333
11.3802636173333
11.3802636173333
11.3802636173333
11.3802636173333
11.3802636173333
11.3802636173333
11.3802636173333
11.3802636173333
11.3802636173333
11.3802636173333
11.3802636173333
11.3802636173333
11.3802636173333
11.3802636173333
11.3802636173333
11.3802636173333
11.3802636173333
11.3802636173333
11.3802636173333
11.3802636173333
11.3802636173333
11.3802636173333
11.3802636173333
11.3802636173333
11.3802636173333
11.3802636173333
11.3802636173333
11.3802636173333
11.3802636173333
11.3802636173333
11.3802636173333
11.3802636173333
11.3802636173333
11.3802636173333
11.3802636173333
11.3802636173333
11.3802636173333
11.3802636173333
11.3802636173333
11.3802636173333
11.3802636173333
11.3802636173333
11.3802636173333
11.3802636173333
11.3802636173333
11.3802636173333
11.3802636173333
11.3802636173333
11.3802636173333
11.3802636173333
11.3802636173333
11.3802636173333
11.3802636173333
11.3802636173333
11.3802636173333
11.3802636173333
11.3802636173333
11.3802636173333
11.3802636173333
11.3802636173333
11.3802636173333
11.3802636173333
11.3802636173333
11.3802636173333
11.3802636173333
11.3802636173333
11.3802636173333
11.3802636173333
11.3802636173333
11.3802636173333
11.3802636173333
11.3802636173333
11.3802636173333
11.3802636173333
11.3802636173333
11.3802636173333
11.3802636173333
11.3802636173333
11.3802636173333
11.3802636173333
11.3802636173333
11.3802636173333
11.3802636173333
11.3802636173333
11.3802636173333
11.3802636173333
11.3802636173333
11.3802636173333
11.3802636173333
11.3802636173333
11.3802636173333
11.3802636173333
11.3802636173333
11.3802636173333
11.3802636173333
11.3802636173333
11.3802636173333
11.3802636173333
11.3802636173333
11.3802636173333
11.3802636173333
11.3802636173333
11.3802636173333
11.3802636173333
11.3802636173333
11.3802636173333
11.3802636173333
11.3802636173333
11.3802636173333
11.3802636173333
11.3802636173333
11.3802636173333
11.3802636173333
11.3802636173333
11.3802636173333
11.8166661965209
12.2841686735408
12.7429352976463
13.2270026839039
13.6852621458268
14.1472258764749
14.5926008648219
15.0179625781928
15.4589520990266
15.878488593062
16.095465199863
16.095465199863
16.095465199863
16.095465199863
16.095465199863
16.095465199863
16.095465199863
16.095465199863
16.095465199863
16.095465199863
16.095465199863
16.095465199863
16.095465199863
16.095465199863
16.095465199863
16.095465199863
16.095465199863
16.095465199863
16.095465199863
16.095465199863
16.095465199863
16.0955646064374
16.0963101361772
16.097055631388
16.097055631388
16.097055631388
16.097055631388
16.097055631388
16.097055631388
16.097055631388
16.097055631388
16.097055631388
16.097055631388
16.098298046688
16.098298046688
16.098298046688
16.2350731442762
16.3561364631138
16.5948907799961
16.7202870788752
16.9624054897883
17.0749407026789
17.3276657400817
17.4205396012868
17.6843433578971
17.7657197996591
18.0388026210167
18.1014474559357
18.3976955078618
18.4357044888445
18.7462209525013
18.7648181446024
19.0861206115858
19.0885934526355
19.4096883024947
19.4144688312609
19.7290851283074
19.7561129780127
20.0448696678227
20.0860946925977
20.3569349362815
20.4179137034125
20.6644816049181
20.7458140356073
20.9678992748439
21.0744964352651
21.269057336892
21.4044855112194
21.5635247582579
21.7346175489701
21.8227770918369
22.0553848300137
22.0553848300137
22.1894749825227
22.3716248851084
22.3716248851084
22.3870676954352
22.5251859037834
22.6503156710895
22.6851493272581
22.6851493272581
22.6885345494151
22.7739149028005
22.8527810123845
22.9282707590433
22.9919986082115
22.9919986082115
22.9919986082115
22.9919986082115
22.9919986082115
23.0082420015089
23.0155773336234
23.0155773336234
23.0155773336234
22.7775327900104
22.6470307104486
22.3933918824282
22.0880782323859
21.9742394635173
21.7566173841432
21.4533540501247
21.3752380103708
21.1099218378468
20.8988420731867
20.7784503753288
20.4520512418681
20.4068223886033
20.1135576166923
19.9867556146564
19.7874707833012
19.5804392187714
19.448722323073
19.1869539010235
19.0972668201499
18.7957016362784
18.7492506516927
18.4078244233261
18.3948253593232
18.0356092217591
18.0172361920468
17.6848862026308
17.6249368793196
17.3123770753759
17.225469514646
16.9339894885995
16.8144699589371
16.5493202277314
16.3952676098928
16.1565342818316
16.098298046688
16.098298046688
16.098298046688
16.098298046688
16.098298046688
16.098298046688
16.098298046688
16.098298046688
16.098298046688
16.098298046688
16.098298046688
16.098298046688
16.098298046688
16.098298046688
16.098298046688
16.098298046688
16.098298046688
16.098298046688
16.098298046688
16.098298046688
16.098298046688
16.098298046688
16.098298046688
16.098298046688
16.098298046688
16.098298046688
16.098298046688
16.098298046688
16.098298046688
16.098298046688
16.098298046688
16.098298046688
16.098298046688
16.098298046688
16.098298046688
16.098298046688
16.098298046688
16.098298046688
16.098298046688
16.098298046688
16.098298046688
16.098298046688
16.098298046688
16.098298046688
16.098298046688
16.098298046688
16.098298046688
16.098298046688
16.098298046688
16.098298046688
16.098298046688
16.098298046688
16.098298046688
16.098298046688
16.098298046688
16.098298046688
16.098298046688
16.098298046688
16.098298046688
16.098298046688
16.098298046688
16.098298046688
16.098298046688
16.098298046688
16.098298046688
16.098298046688
16.098298046688
16.098298046688
16.098298046688
16.098298046688
16.098298046688
16.098298046688
16.098298046688
16.098298046688
16.098298046688
16.098298046688
16.098298046688
16.098298046688
16.098298046688
16.098298046688
16.098298046688
16.098298046688
16.098298046688
16.098298046688
16.098298046688
16.098298046688
16.098298046688
16.098298046688
16.098298046688
16.098298046688
16.098298046688
16.098298046688
16.098298046688
16.098298046688
16.098298046688
16.098298046688
16.098298046688
16.098298046688
16.098298046688
16.098298046688
16.098298046688
16.098298046688
16.098298046688
16.098298046688
16.098298046688
16.098298046688
16.098298046688
16.098298046688
16.098298046688
16.098298046688
16.098298046688
16.098298046688
16.098298046688
16.098298046688
16.098298046688
16.098298046688
16.098298046688
16.098298046688
16.098298046688
16.098298046688
16.098298046688
16.098298046688
16.098298046688
16.098298046688
16.098298046688
16.098298046688
16.098298046688
16.098298046688
16.098298046688
16.098298046688
16.098298046688
16.098298046688
16.098298046688
16.098298046688
16.098298046688
16.098298046688
16.098298046688
16.098298046688
16.098298046688
16.098298046688
16.098298046688
16.098298046688
16.098298046688
16.098298046688
16.098298046688
16.098298046688
16.098298046688
16.098298046688
16.098298046688
16.098298046688
16.098298046688
16.098298046688
16.098298046688
16.098298046688
16.098298046688
16.098298046688
16.098298046688
16.098298046688
16.098298046688
16.098298046688
16.098298046688
16.098298046688
16.098298046688
16.098298046688
16.098298046688
16.098298046688
16.098298046688
16.098298046688
16.098298046688
16.098298046688
16.098298046688
16.098298046688
16.098298046688
16.098298046688
16.098298046688
16.098298046688
16.098298046688
16.098298046688
16.098298046688
16.098298046688
16.098298046688
16.098298046688
16.098298046688
16.098298046688
16.098298046688
16.098298046688
16.098298046688
16.098298046688
16.098298046688
16.098298046688
16.098298046688
16.098298046688
16.098298046688
16.098298046688
16.098298046688
16.098298046688
16.098298046688
16.098298046688
16.098298046688
16.098298046688
16.098298046688
16.098298046688
16.098298046688
16.098298046688
16.098298046688
16.098298046688
16.098298046688
16.098298046688
16.098298046688
16.098298046688
16.098298046688
16.098298046688
16.098298046688
16.098298046688
16.098298046688
16.098298046688
16.098298046688
16.098298046688
16.098298046688
16.098298046688
16.098298046688
16.098298046688
16.098298046688
16.098298046688
16.098298046688
16.098298046688
16.098298046688
16.098298046688
16.098298046688
16.098298046688
16.098298046688
16.098298046688
16.098298046688
16.098298046688
16.098298046688
16.098298046688
16.098298046688
16.098298046688
16.098298046688
16.098298046688
16.098298046688
16.098298046688
16.098298046688
16.098298046688
16.098298046688
16.098298046688
16.098298046688
16.098298046688
16.098298046688
16.098298046688
16.098298046688
16.098298046688
16.098298046688
16.098298046688
16.098298046688
16.098298046688
16.098298046688
16.098298046688
16.098298046688
16.098298046688
16.098298046688
16.098298046688
16.098298046688
16.098298046688
16.098298046688
16.098298046688
16.098298046688
16.098298046688
16.098298046688
16.098298046688
16.098298046688
16.098298046688
16.098298046688
16.098298046688
16.098298046688
16.098298046688
16.098298046688
16.098298046688
16.098298046688
16.098298046688
16.098298046688
16.098298046688
16.098298046688
16.098298046688
16.098298046688
16.098298046688
16.098298046688
16.098298046688
16.098298046688
16.098298046688
16.098298046688
16.098298046688
16.098298046688
16.098298046688
16.098298046688
16.098298046688
16.098298046688
16.098298046688
16.098298046688
16.098298046688
16.098298046688
16.098298046688
16.098298046688
16.098298046688
16.098298046688
16.098298046688
16.098298046688
16.098298046688
16.098298046688
16.098298046688
16.098298046688
16.098298046688
16.098298046688
16.098298046688
16.098298046688
16.098298046688
16.098298046688
16.098298046688
16.098298046688
16.098298046688
16.098298046688
16.098298046688
16.098298046688
16.098298046688
16.098298046688
16.098298046688
16.098298046688
16.098298046688
16.098298046688
16.098298046688
16.098298046688
16.098298046688
16.098298046688
16.098298046688
16.098298046688
16.098298046688
16.098298046688
16.098298046688
16.098298046688
16.098298046688
16.098298046688
16.098298046688
16.098298046688
16.098298046688
16.098298046688
16.098298046688
16.098298046688
16.098298046688
16.098298046688
16.098298046688
16.098298046688
16.098298046688
16.098298046688
16.098298046688
16.098298046688
16.098298046688
16.098298046688
16.098298046688
16.098298046688
16.098298046688
16.098298046688
16.098298046688
16.098298046688
16.098298046688
16.098298046688
16.098298046688
16.098298046688
16.098298046688
16.098298046688
16.098298046688
16.098298046688
16.098298046688
16.098298046688
16.098298046688
16.098298046688
16.098298046688
16.098298046688
16.098298046688
16.098298046688
16.098298046688
16.098298046688
16.098298046688
16.098298046688
16.098298046688
16.098298046688
16.098298046688
16.098298046688
16.098298046688
16.098298046688
16.098298046688
16.098298046688
16.098298046688
16.098298046688
16.098298046688
16.098298046688
16.098298046688
16.098298046688
16.098298046688
16.098298046688
16.098298046688
16.098298046688
16.098298046688
16.098298046688
16.098298046688
16.098298046688
16.098298046688
16.098298046688
16.098298046688
16.098298046688
16.098298046688
16.098298046688
16.098298046688
16.098298046688
16.098298046688
16.098298046688
16.098298046688
16.098298046688
16.098298046688
16.098298046688
16.098298046688
16.098298046688
16.098298046688
16.098298046688
16.098298046688
16.098298046688
16.098298046688
16.098298046688
16.098298046688
16.098298046688
16.098298046688
16.098298046688
16.098298046688
16.098298046688
16.098298046688
16.098298046688
16.098298046688
16.098298046688
16.098298046688
16.098298046688
16.098298046688
16.098298046688
16.098298046688
16.098298046688
16.098298046688
16.098298046688
16.098298046688
16.098298046688
16.098298046688
16.098298046688
16.098298046688
16.098298046688
16.098298046688
16.098298046688
16.098298046688
16.098298046688
16.098298046688
16.098298046688
16.098298046688
16.098298046688
16.098298046688
16.098298046688
16.098298046688
16.098298046688
16.098298046688
16.098298046688
16.098298046688
16.098298046688
16.098298046688
16.098298046688
16.098298046688
16.098298046688
16.098298046688
16.098298046688
16.098298046688
16.098298046688
16.098298046688
16.098298046688
16.098298046688
16.098298046688
16.098298046688
16.098298046688
16.098298046688
16.098298046688
16.098298046688
16.098298046688
16.098298046688
16.098298046688
16.098298046688
16.098298046688
16.098298046688
16.098298046688
16.098298046688
16.098298046688
16.098298046688
16.098298046688
16.098298046688
16.098298046688
16.098298046688
16.098298046688
16.098298046688
16.098298046688
16.098298046688
16.098298046688
16.098298046688
16.098298046688
16.098298046688
16.098298046688
16.098298046688
16.098298046688
16.098298046688
16.098298046688
16.098298046688
16.098298046688
16.098298046688
16.098298046688
16.098298046688
16.098298046688
16.098298046688
16.098298046688
16.098298046688
16.098298046688
16.098298046688
16.098298046688
16.098298046688
16.098298046688
16.098298046688
