DataType:STOCK
Length: 5000
  1.8680000e+001
  1.8680000e+001
  1.8680000e+001
  1.8670000e+001
  1.8670000e+001
  1.8680000e+001
  1.8686000e+001
  1.8680000e+001
  1.8690000e+001
  1.8700000e+001
  1.8740000e+001
  1.8730000e+001
  1.8740000e+001
  1.8681000e+001
  1.8690000e+001
  1.8730000e+001
  1.8700000e+001
  1.8688000e+001
  1.8698000e+001
  1.8700000e+001
  1.8680000e+001
  1.8679000e+001
  1.8620000e+001
  1.8619000e+001
  1.8620000e+001
  1.8601000e+001
  1.8599000e+001
  1.8620000e+001
  1.8630000e+001
  1.8623000e+001
  1.8611000e+001
  1.8614000e+001
  1.8620000e+001
  1.8630000e+001
  1.8650000e+001
  1.8660000e+001
  1.8680000e+001
  1.8670000e+001
  1.8660000e+001
  1.8690000e+001
  1.8640000e+001
  1.8651000e+001
  1.8660000e+001
  1.8658000e+001
  1.8650000e+001
  1.8637000e+001
  1.8610000e+001
  1.8570000e+001
  1.8569000e+001
  1.8570000e+001
  1.8580000e+001
  1.8580000e+001
  1.8570000e+001
  1.8540000e+001
  1.8540000e+001
  1.8560000e+001
  1.8600000e+001
  1.8610000e+001
  1.8610000e+001
  1.8600000e+001
  1.8610000e+001
  1.8600000e+001
  1.8590000e+001
  1.8590000e+001
  1.8560000e+001
  1.8510000e+001
  1.8529000e+001
  1.8500000e+001
  1.8510000e+001
  1.8460000e+001
  1.8470000e+001
  1.8491000e+001
  1.8501000e+001
  1.8520000e+001
  1.8522000e+001
  1.8530000e+001
  1.8560000e+001
  1.8585000e+001
  1.8620000e+001
  1.8630000e+001
  1.8620000e+001
  1.8666000e+001
  1.8670000e+001
  1.8641000e+001
  1.8640000e+001
  1.8630000e+001
  1.8620000e+001
  1.8601000e+001
  1.8610000e+001
  1.8590000e+001
  1.8610000e+001
  1.8620000e+001
  1.8640000e+001
  1.8649000e+001
  1.8640000e+001
  1.8650000e+001
  1.8649000e+001
  1.8660000e+001
  1.8659000e+001
  1.8660000e+001
  1.8650000e+001
  1.8650000e+001
  1.8690000e+001
  1.8729000e+001
  1.8720000e+001
  1.8700000e+001
  1.8680000e+001
  1.8690000e+001
  1.8730000e+001
  1.8730000e+001
  1.8730000e+001
  1.8720000e+001
  1.8700000e+001
  1.8688000e+001
  1.8650000e+001
  1.8672000e+001
  1.8670000e+001
  1.8710000e+001
  1.8680000e+001
  1.8660000e+001
  1.8659000e+001
  1.8650000e+001
  1.8640000e+001
  1.8640000e+001
  1.8670000e+001
  1.8640000e+001
  1.8640000e+001
  1.8640000e+001
  1.8641000e+001
  1.8640000e+001
  1.8659000e+001
  1.8640000e+001
  1.8630000e+001
  1.8620000e+001
  1.8659000e+001
  1.8680000e+001
  1.8670000e+001
  1.8670000e+001
  1.8690000e+001
  1.8680000e+001
  1.8680000e+001
  1.8669000e+001
  1.8670000e+001
  1.8670000e+001
  1.8669000e+001
  1.8660000e+001
  1.8660000e+001
  1.8670000e+001
  1.8679000e+001
  1.8700000e+001
  1.8700000e+001
  1.8691000e+001
  1.8680000e+001
  1.8670000e+001
  1.8690000e+001
  1.8679000e+001
  1.8655000e+001
  1.8620000e+001
  1.8620000e+001
  1.8600000e+001
  1.8599000e+001
  1.8580000e+001
  1.8540000e+001
  1.8541000e+001
  1.8551000e+001
  1.8541000e+001
  1.8531000e+001
  1.8500000e+001
  1.8460000e+001
  1.8510000e+001
  1.8500000e+001
  1.8528000e+001
  1.8550000e+001
  1.8540000e+001
  1.8520000e+001
  1.8481000e+001
  1.8440000e+001
  1.8420000e+001
  1.8420000e+001
  1.8449000e+001
  1.8440000e+001
  1.8425000e+001
  1.8442000e+001
  1.8401000e+001
  1.8360000e+001
  1.8410000e+001
  1.8380000e+001
  1.8420000e+001
  1.8410000e+001
  1.8360000e+001
  1.8360000e+001
  1.8350000e+001
  1.8351000e+001
  1.8360000e+001
  1.8380000e+001
  1.8420000e+001
  1.8340000e+001
  1.8360000e+001
  1.8390000e+001
  1.8360000e+001
  1.8400000e+001
  1.8390000e+001
  1.8380000e+001
  1.8409000e+001
  1.8381000e+001
  1.8380000e+001
  1.8428000e+001
  1.8431000e+001
  1.8470000e+001
  1.9050000e+001
  1.8950000e+001
  1.8920000e+001
  1.8970000e+001
  1.8990000e+001
  1.9020000e+001
  1.9080000e+001
  1.9070000e+001
  1.9040000e+001
  1.9070000e+001
  1.9050000e+001
  1.9070000e+001
  1.9051000e+001
  1.8990000e+001
  1.9020000e+001
  1.9020000e+001
  1.9020000e+001
  1.9020000e+001
  1.9010000e+001
  1.9005000e+001
  1.9040000e+001
  1.9060000e+001
  1.9030000e+001
  1.9050000e+001
  1.9130000e+001
  1.9120000e+001
  1.9070000e+001
  1.9150000e+001
  1.9130000e+001
  1.9071000e+001
  1.9050000e+001
  1.9110000e+001
  1.9070000e+001
  1.9060000e+001
  1.9100000e+001
  1.9001000e+001
  1.8999000e+001
  1.8975000e+001
  1.8930000e+001
  1.8979000e+001
  1.8950000e+001
  1.8990000e+001
  1.8990000e+001
  1.8960000e+001
  1.8945000e+001
  1.8950000e+001
  1.8840000e+001
  1.8832000e+001
  1.8870000e+001
  1.8940000e+001
  1.8900000e+001
  1.8860000e+001
  1.8850000e+001
  1.8881000e+001
  1.8920000e+001
  1.8910000e+001
  1.8890000e+001
  1.8950000e+001
  1.8980000e+001
  1.8929000e+001
  1.8930000e+001
  1.8990000e+001
  1.8990000e+001
  1.9011000e+001
  1.9010000e+001
  1.9000000e+001
  1.9010000e+001
  1.8980000e+001
  1.8950000e+001
  1.8850000e+001
  1.8911000e+001
  1.8950000e+001
  1.8970000e+001
  1.8950000e+001
  1.8951000e+001
  1.8950000e+001
  1.8970000e+001
  1.8998000e+001
  1.8971000e+001
  1.8940000e+001
  1.8930000e+001
  1.8920000e+001
  1.8930000e+001
  1.8900000e+001
  1.8901000e+001
  1.8900000e+001
  1.8910000e+001
  1.8969000e+001
  1.8941000e+001
  1.8920000e+001
  1.8920000e+001
  1.8930000e+001
  1.8960000e+001
  1.8960000e+001
  1.8946000e+001
  1.8940000e+001
  1.8920000e+001
  1.8920000e+001
  1.8937000e+001
  1.8922000e+001
  1.8920000e+001
  1.8910000e+001
  1.8950000e+001
  1.8980000e+001
  1.9010000e+001
  1.8981000e+001
  1.8990000e+001
  1.8990000e+001
  1.8991000e+001
  1.8979000e+001
  1.9000000e+001
  1.8990000e+001
  1.8970000e+001
  1.9000000e+001
  1.8981000e+001
  1.8999000e+001
  1.8970000e+001
  1.8970000e+001
  1.8974000e+001
  1.8980000e+001
  1.8960000e+001
  1.8950000e+001
  1.8940000e+001
  1.8950000e+001
  1.8940000e+001
  1.8950000e+001
  1.8960000e+001
  1.8970000e+001
  1.8970000e+001
  1.8990000e+001
  1.8990000e+001
  1.8979000e+001
  1.8945000e+001
  1.8940000e+001
  1.8939000e+001
  1.8930000e+001
  1.8930000e+001
  1.8920000e+001
  1.8870000e+001
  1.8880000e+001
  1.8850000e+001
  1.8880000e+001
  1.8831000e+001
  1.8820000e+001
  1.8810000e+001
  1.8820000e+001
  1.8840000e+001
  1.8850000e+001
  1.8791000e+001
  1.8780000e+001
  1.8829000e+001
  1.8750000e+001
  1.8754000e+001
  1.8740000e+001
  1.8750000e+001
  1.8770000e+001
  1.8750000e+001
  1.8760000e+001
  1.8770000e+001
  1.8770000e+001
  1.8820000e+001
  1.8820000e+001
  1.8820000e+001
  1.8840000e+001
  1.8860000e+001
  1.8860000e+001
  1.8860000e+001
  1.8810000e+001
  1.8800000e+001
  1.8800000e+001
  1.8800000e+001
  1.8810000e+001
  1.8800000e+001
  1.8820000e+001
  1.8810000e+001
  1.8799000e+001
  1.8790000e+001
  1.8800000e+001
  1.8810000e+001
  1.8820000e+001
  1.8810000e+001
  1.8790000e+001
  1.8780000e+001
  1.8765000e+001
  1.8800000e+001
  1.8809000e+001
  1.8810000e+001
  1.8821000e+001
  1.8790000e+001
  1.8790000e+001
  1.8780000e+001
  1.8781000e+001
  1.8780000e+001
  1.8780000e+001
  1.8761000e+001
  1.8760000e+001
  1.8760000e+001
  1.8780000e+001
  1.8790000e+001
  1.8800000e+001
  1.8790000e+001
  1.8770000e+001
  1.8779000e+001
  1.8770000e+001
  1.8770000e+001
  1.8771000e+001
  1.8770000e+001
  1.8751000e+001
  1.8750000e+001
  1.8721000e+001
  1.8730000e+001
  1.8731000e+001
  1.8740000e+001
  1.8740000e+001
  1.8750000e+001
  1.8760000e+001
  1.8740000e+001
  1.8734000e+001
  1.8730000e+001
  1.8720000e+001
  1.8660000e+001
  1.8660000e+001
  1.8660000e+001
  1.8680000e+001
  1.8680000e+001
  1.8680000e+001
  1.8660000e+001
  1.8700000e+001
  1.8690000e+001
  1.8660000e+001
  1.8679000e+001
  1.8680000e+001
  1.8689000e+001
  1.8700000e+001
  1.8730000e+001
  1.8769000e+001
  1.8750000e+001
  1.8730000e+001
  1.8730000e+001
  1.8739000e+001
  1.8721000e+001
  1.8730000e+001
  1.8731000e+001
  1.8768000e+001
  1.8800000e+001
  1.8790000e+001
  1.8820000e+001
  1.8821000e+001
  1.8800000e+001
  1.8850000e+001
  1.8870000e+001
  1.8860000e+001
  1.8860000e+001
  1.8870000e+001
  1.8900000e+001
  1.8901000e+001
  1.8901000e+001
  1.8920000e+001
  1.8920000e+001
  1.8950000e+001
  1.8990000e+001
  1.8989000e+001
  1.8961000e+001
  1.8951000e+001
  1.8940000e+001
  1.8960000e+001
  1.8960000e+001
  1.8970000e+001
  1.8940000e+001
  1.8920000e+001
  1.8940000e+001
  1.8930000e+001
  1.8933000e+001
  1.8940000e+001
  1.8940000e+001
  1.8940000e+001
  1.8950000e+001
  1.8920000e+001
  1.8930000e+001
  1.8900000e+001
  1.8901000e+001
  1.8879000e+001
  1.8820000e+001
  1.8830000e+001
  1.8840000e+001
  1.8871000e+001
  1.8864000e+001
  1.8870000e+001
  1.8880000e+001
  1.8930000e+001
  1.8851000e+001
  1.8879000e+001
  1.8880000e+001
  1.8889000e+001
  1.8881000e+001
  1.8850000e+001
  1.8850000e+001
  1.8870000e+001
  1.8860000e+001
  1.8859000e+001
  1.8841000e+001
  1.8781000e+001
  1.8800000e+001
  1.8780000e+001
  1.8790000e+001
  1.8750000e+001
  1.8735000e+001
  1.8740000e+001
  1.8760000e+001
  1.8760000e+001
  1.8760000e+001
  1.8770000e+001
  1.8780000e+001
  1.8790000e+001
  1.8839000e+001
  1.8805000e+001
  1.8828000e+001
  1.8810000e+001
  1.8832000e+001
  1.8850000e+001
  1.8850000e+001
  1.8860000e+001
  1.8950000e+001
  1.8941000e+001
  1.8900000e+001
  1.8903000e+001
  1.8860000e+001
  1.8861000e+001
  1.8869000e+001
  1.8860000e+001
  1.8900000e+001
  1.8870000e+001
  1.8900000e+001
  1.8880000e+001
  1.8861000e+001
  1.8840000e+001
  1.8850000e+001
  1.8850000e+001
  1.8870000e+001
  1.8880000e+001
  1.8920000e+001
  1.8843000e+001
  1.8840000e+001
  1.8850000e+001
  1.8840000e+001
  1.8820000e+001
  1.8810000e+001
  1.8790000e+001
  1.8751000e+001
  1.8750000e+001
  1.8760000e+001
  1.8750000e+001
  1.8800000e+001
  1.8790000e+001
  1.8820000e+001
  1.8824000e+001
  1.8829000e+001
  1.8830000e+001
  1.8840000e+001
  1.8820000e+001
  1.8810000e+001
  1.8800000e+001
  1.8790000e+001
  1.8750000e+001
  1.8750000e+001
  1.8760000e+001
  1.8760000e+001
  1.8750000e+001
  1.8770000e+001
  1.8770000e+001
  1.8760000e+001
  1.8770000e+001
  1.8820000e+001
  1.8790000e+001
  1.8830000e+001
  1.8845000e+001
  1.8780000e+001
  1.8780000e+001
  1.8791000e+001
  1.8755000e+001
  1.8760000e+001
  1.8779000e+001
  1.8780000e+001
  1.8796000e+001
  1.8790000e+001
  1.8790000e+001
  1.8780000e+001
  1.8777000e+001
  1.8750000e+001
  1.8780000e+001
  1.8500000e+001
  1.8230000e+001
  1.8330000e+001
  1.8310000e+001
  1.8280000e+001
  1.8440000e+001
  1.8402000e+001
  1.8400000e+001
  1.8380000e+001
  1.8340000e+001
  1.8345000e+001
  1.8350000e+001
  1.8380000e+001
  1.8400000e+001
  1.8400000e+001
  1.8360000e+001
  1.8400000e+001
  1.8440000e+001
  1.8540000e+001
  1.8510000e+001
  1.8500000e+001
  1.8470000e+001
  1.8470000e+001
  1.8530000e+001
  1.8525000e+001
  1.8590000e+001
  1.8640000e+001
  1.8640000e+001
  1.8650000e+001
  1.8670000e+001
  1.8710000e+001
  1.8750000e+001
  1.8700000e+001
  1.8560000e+001
  1.8569000e+001
  1.8520000e+001
  1.8499000e+001
  1.8510000e+001
  1.8481000e+001
  1.8490000e+001
  1.8510000e+001
  1.8520000e+001
  1.8509000e+001
  1.8520000e+001
  1.8500000e+001
  1.8510000e+001
  1.8550000e+001
  1.8560000e+001
  1.8510000e+001
  1.8540000e+001
  1.8570000e+001
  1.8530000e+001
  1.8440000e+001
  1.8410000e+001
  1.8409000e+001
  1.8420000e+001
  1.8440000e+001
  1.8441000e+001
  1.8480000e+001
  1.8490000e+001
  1.8440000e+001
  1.8430000e+001
  1.8450000e+001
  1.8501000e+001
  1.8540000e+001
  1.8539000e+001
  1.8570000e+001
  1.8590000e+001
  1.8560000e+001
  1.8550000e+001
  1.8535000e+001
  1.8529000e+001
  1.8500000e+001
  1.8551000e+001
  1.8505000e+001
  1.8500000e+001
  1.8551000e+001
  1.8550000e+001
  1.8550000e+001
  1.8530000e+001
  1.8604000e+001
  1.8520000e+001
  1.8522000e+001
  1.8522000e+001
  1.8530000e+001
  1.8600000e+001
  1.8590000e+001
  1.8521000e+001
  1.8511000e+001
  1.8550000e+001
  1.8540000e+001
  1.8560000e+001
  1.8530000e+001
  1.8540000e+001
  1.8536000e+001
  1.8500000e+001
  1.8520000e+001
  1.8500000e+001
  1.8480000e+001
  1.8470000e+001
  1.8480000e+001
  1.8460000e+001
  1.8460000e+001
  1.8420000e+001
  1.8419000e+001
  1.8391000e+001
  1.8400000e+001
  1.8414000e+001
  1.8400000e+001
  1.8370000e+001
  1.8399000e+001
  1.8390000e+001
  1.8450000e+001
  1.8450000e+001
  1.8420000e+001
  1.8311000e+001
  1.8300000e+001
  1.8260000e+001
  1.8260000e+001
  1.8240000e+001
  1.8240000e+001
  1.8269000e+001
  1.8300000e+001
  1.8280000e+001
  1.8260000e+001
  1.8330000e+001
  1.8230000e+001
  1.8260000e+001
  1.8260000e+001
  1.8221000e+001
  1.8230000e+001
  1.8220000e+001
  1.8200000e+001
  1.8180000e+001
  1.8180000e+001
  1.8171000e+001
  1.8210000e+001
  1.8220000e+001
  1.8230000e+001
  1.8227000e+001
  1.8240000e+001
  1.8232000e+001
  1.8259000e+001
  1.8250000e+001
  1.8260000e+001
  1.8270000e+001
  1.8260000e+001
  1.8250000e+001
  1.8211000e+001
  1.8250000e+001
  1.8215000e+001
  1.8180000e+001
  1.8180000e+001
  1.8200000e+001
  1.8260000e+001
  1.8250000e+001
  1.8250000e+001
  1.8270000e+001
  1.8288000e+001
  1.8341000e+001
  1.8370000e+001
  1.8370000e+001
  1.8340000e+001
  1.8330000e+001
  1.8320000e+001
  1.8550000e+001
  1.8351000e+001
  1.8397000e+001
  1.8390000e+001
  1.8380000e+001
  1.8350000e+001
  1.8399000e+001
  1.8380000e+001
  1.8330000e+001
  1.8340000e+001
  1.8360000e+001
  1.8321000e+001
  1.8321000e+001
  1.8325000e+001
  1.8369000e+001
  1.8380000e+001
  1.8340000e+001
  1.8331000e+001
  1.8330000e+001
  1.8350000e+001
  1.8320000e+001
  1.8391000e+001
  1.8350000e+001
  1.8362000e+001
  1.8370000e+001
  1.8390000e+001
  1.8481000e+001
  1.8480000e+001
  1.8540000e+001
  1.8590000e+001
  1.8570000e+001
  1.8560000e+001
  1.8540000e+001
  1.8560000e+001
  1.8569000e+001
  1.8566000e+001
  1.8530000e+001
  1.8550000e+001
  1.8550000e+001
  1.8559000e+001
  1.8600000e+001
  1.8640000e+001
  1.8610000e+001
  1.8590000e+001
  1.8570000e+001
  1.8610000e+001
  1.8590000e+001
  1.8570000e+001
  1.8540000e+001
  1.8530000e+001
  1.8521000e+001
  1.8529000e+001
  1.8559000e+001
  1.8550000e+001
  1.8560000e+001
  1.8550000e+001
  1.8530000e+001
  1.8520000e+001
  1.8510000e+001
  1.8522000e+001
  1.8554000e+001
  1.8559000e+001
  1.8600000e+001
  1.8631000e+001
  1.8620000e+001
  1.8639000e+001
  1.8629000e+001
  1.8630000e+001
  1.8600000e+001
  1.8650000e+001
  1.8650000e+001
  1.8640000e+001
  1.8650000e+001
  1.8680000e+001
  1.8662000e+001
  1.8660000e+001
  1.8641000e+001
  1.8660000e+001
  1.8670000e+001
  1.8670000e+001
  1.8650000e+001
  1.8642000e+001
  1.8670000e+001
  1.8690000e+001
  1.8640000e+001
  1.8650000e+001
  1.8630000e+001
  1.8630000e+001
  1.8639000e+001
  1.8630000e+001
  1.8631000e+001
  1.8610000e+001
  1.8530000e+001
  1.8570000e+001
  1.8530000e+001
  1.8530000e+001
  1.8520000e+001
  1.8549000e+001
  1.8579000e+001
  1.8580000e+001
  1.8560000e+001
  1.8550000e+001
  1.8511000e+001
  1.8520000e+001
  1.8540000e+001
  1.8520000e+001
  1.8500000e+001
  1.8491000e+001
  1.8490000e+001
  1.8500000e+001
  1.8460000e+001
  1.8450000e+001
  1.8431000e+001
  1.8400000e+001
  1.8350000e+001
  1.8400000e+001
  1.8371000e+001
  1.8380000e+001
  1.8371000e+001
  1.8351000e+001
  1.8350000e+001
  1.8351000e+001
  1.8310000e+001
  1.8300000e+001
  1.8269000e+001
  1.8309000e+001
  1.8394000e+001
  1.8370000e+001
  1.8300000e+001
  1.8321000e+001
  1.8330000e+001
  1.8321000e+001
  1.8320000e+001
  1.8350000e+001
  1.8390000e+001
  1.8380000e+001
  1.8380000e+001
  1.8410000e+001
  1.8411000e+001
  1.8380000e+001
  1.8310000e+001
  1.8311000e+001
  1.8320000e+001
  1.8260000e+001
  1.8281000e+001
  1.8254000e+001
  1.8240000e+001
  1.8260000e+001
  1.8270000e+001
  1.8281000e+001
  1.8270000e+001
  1.8260000e+001
  1.8259000e+001
  1.8250000e+001
  1.8230000e+001
  1.8231000e+001
  1.8206000e+001
  1.8310000e+001
  1.8221000e+001
  1.8222000e+001
  1.8220000e+001
  1.8220000e+001
  1.8200000e+001
  1.8200000e+001
  1.8181000e+001
  1.8230000e+001
  1.8221000e+001
  1.8170000e+001
  1.8230000e+001
  1.8190000e+001
  1.8160000e+001
  1.8170000e+001
  1.8190000e+001
  1.8200000e+001
  1.8220000e+001
  1.8230000e+001
  1.8240000e+001
  1.8221000e+001
  1.8221000e+001
  1.8260000e+001
  1.8210000e+001
  1.8202000e+001
  1.8190000e+001
  1.8200000e+001
  1.8201000e+001
  1.8180000e+001
  1.8170000e+001
  1.8170000e+001
  1.8196000e+001
  1.8210000e+001
  1.8210000e+001
  1.8180000e+001
  1.8210000e+001
  1.8230000e+001
  1.8230000e+001
  1.8230000e+001
  1.8240000e+001
  1.8242000e+001
  1.8270000e+001
  1.8260000e+001
  1.8270000e+001
  1.8240000e+001
  1.8240000e+001
  1.8260000e+001
  1.8241000e+001
  1.8240000e+001
  1.8250000e+001
  1.8234000e+001
  1.8230000e+001
  1.8190000e+001
  1.8170000e+001
  1.8180000e+001
  1.8190000e+001
  1.8200000e+001
  1.8199000e+001
  1.8170000e+001
  1.8140000e+001
  1.8141000e+001
  1.8140000e+001
  1.8140000e+001
  1.8130000e+001
  1.8129000e+001
  1.8100000e+001
  1.8090000e+001
  1.8108000e+001
  1.8150000e+001
  1.8340000e+001
  1.8350000e+001
  1.8420000e+001
  1.8490000e+001
  1.8350000e+001
  1.8499000e+001
  1.8460000e+001
  1.8420000e+001
  1.8440000e+001
  1.8370000e+001
  1.8410000e+001
  1.8480000e+001
  1.8500000e+001
  1.8500000e+001
  1.8539000e+001
  1.8519000e+001
  1.8510000e+001
  1.8440000e+001
  1.8450000e+001
  1.8390000e+001
  1.8380000e+001
  1.8390000e+001
  1.8400000e+001
  1.8409000e+001
  1.8360000e+001
  1.8385000e+001
  1.8380000e+001
  1.8362000e+001
  1.8380000e+001
  1.8380000e+001
  1.8430000e+001
  1.8410000e+001
  1.8554000e+001
  1.8481000e+001
  1.8480000e+001
  1.8450000e+001
  1.8390000e+001
  1.8260000e+001
  1.8220000e+001
  1.8329000e+001
  1.8270000e+001
  1.8360000e+001
  1.8400000e+001
  1.8309000e+001
  1.8350000e+001
  1.8369000e+001
  1.8310000e+001
  1.8290000e+001
  1.8290000e+001
  1.8291000e+001
  1.8340000e+001
  1.8361000e+001
  1.8399000e+001
  1.8399000e+001
  1.8429000e+001
  1.8360000e+001
  1.8320000e+001
  1.8305000e+001
  1.8350000e+001
  1.8361000e+001
  1.8360000e+001
  1.8350000e+001
  1.8310000e+001
  1.8300000e+001
  1.8389000e+001
  1.8400000e+001
  1.8350000e+001
  1.8360000e+001
  1.8350000e+001
  1.8320000e+001
  1.8290000e+001
  1.8270000e+001
  1.8260000e+001
  1.8251000e+001
  1.8290000e+001
  1.8270000e+001
  1.8265000e+001
  1.8230000e+001
  1.8220000e+001
  1.8239000e+001
  1.8260000e+001
  1.8229000e+001
  1.8230000e+001
  1.8225000e+001
  1.8180000e+001
  1.8121000e+001
  1.8150000e+001
  1.8160000e+001
  1.8121000e+001
  1.8090000e+001
  1.8050000e+001
  1.8050000e+001
  1.8099000e+001
  1.8170000e+001
  1.8150000e+001
  1.8160000e+001
  1.8140000e+001
  1.8150000e+001
  1.8189000e+001
  1.8200000e+001
  1.8190000e+001
  1.8219000e+001
  1.8210000e+001
  1.8230000e+001
  1.8260000e+001
  1.8290000e+001
  1.8290000e+001
  1.8270000e+001
  1.8270000e+001
  1.8330000e+001
  1.8301000e+001
  1.8290000e+001
  1.8310000e+001
  1.8390000e+001
  1.8340000e+001
  1.8360000e+001
  1.8362000e+001
  1.8339000e+001
  1.8361000e+001
  1.8361000e+001
  1.8370000e+001
  1.8415000e+001
  1.8390000e+001
  1.8419000e+001
  1.8429000e+001
  1.8440000e+001
  1.8409000e+001
  1.8400000e+001
  1.8380000e+001
  1.8370000e+001
  1.8370000e+001
  1.8300000e+001
  1.8324000e+001
  1.8419000e+001
  1.8421000e+001
  1.8451000e+001
  1.8470000e+001
  1.8470000e+001
  1.8540000e+001
  1.8510000e+001
  1.8540000e+001
  1.8560000e+001
  1.8520000e+001
  1.8530000e+001
  1.8560000e+001
  1.8560000e+001
  1.8540000e+001
  1.8556000e+001
  1.8530000e+001
  1.8511000e+001
  1.8501000e+001
  1.8491000e+001
  1.8540000e+001
  1.8481000e+001
  1.8491000e+001
  1.8479000e+001
  1.8452000e+001
  1.8460000e+001
  1.8450000e+001
  1.8410000e+001
  1.8410000e+001
  1.8420000e+001
  1.8390000e+001
  1.8390000e+001
  1.8380000e+001
  1.8345000e+001
  1.8340000e+001
  1.8336000e+001
  1.8340000e+001
  1.8350000e+001
  1.8360000e+001
  1.8370000e+001
  1.8360000e+001
  1.8350000e+001
  1.8350000e+001
  1.8360000e+001
  1.8350000e+001
  1.8340000e+001
  1.8340000e+001
  1.8280000e+001
  1.8300000e+001
  1.8309000e+001
  1.8290000e+001
  1.8282000e+001
  1.8260000e+001
  1.8289000e+001
  1.8294000e+001
  1.8304000e+001
  1.8290000e+001
  1.8320000e+001
  1.8290000e+001
  1.8300000e+001
  1.8305000e+001
  1.8340000e+001
  1.8350000e+001
  1.8369000e+001
  1.8359000e+001
  1.8351000e+001
  1.8351000e+001
  1.8392000e+001
  1.8380000e+001
  1.8420000e+001
  1.8380000e+001
  1.8399000e+001
  1.8400000e+001
  1.8380000e+001
  1.8380000e+001
  1.8379000e+001
  1.8377000e+001
  1.8369000e+001
  1.8370000e+001
  1.8350000e+001
  1.8360000e+001
  1.8360000e+001
  1.8370000e+001
  1.8330000e+001
  1.8310000e+001
  1.8300000e+001
  1.8318000e+001
  1.8330000e+001
  1.8339000e+001
  1.8375000e+001
  1.8369000e+001
  1.8389000e+001
  1.8400000e+001
  1.8469000e+001
  1.8410000e+001
  1.8410000e+001
  1.8430000e+001
  1.8420000e+001
  1.8460000e+001
  1.8440000e+001
  1.8440000e+001
  1.8421000e+001
  1.8450000e+001
  1.8420000e+001
  1.8389000e+001
  1.8380000e+001
  1.8390000e+001
  1.8389000e+001
  1.8390000e+001
  1.8381000e+001
  1.8381000e+001
  1.8389000e+001
  1.8449000e+001
  1.8460000e+001
  1.8460000e+001
  1.8470000e+001
  1.8440000e+001
  1.8430000e+001
  1.8400000e+001
  1.8460000e+001
  1.8449000e+001
  1.8460000e+001
  1.8471000e+001
  1.8459000e+001
  1.8451000e+001
  1.8460000e+001
  1.8469000e+001
  1.8470000e+001
  1.8470000e+001
  1.8480000e+001
  1.8500000e+001
  1.8470000e+001
  1.8480000e+001
  1.8479000e+001
  1.8470000e+001
  1.8460000e+001
  1.8470000e+001
  1.8460000e+001
  1.8460000e+001
  1.8500000e+001
  1.8470000e+001
  1.8479000e+001
  1.8480000e+001
  1.8490000e+001
  1.8520000e+001
  1.8496000e+001
  1.8490000e+001
  1.8496000e+001
  1.8490000e+001
  1.8499000e+001
  1.8490000e+001
  1.8490000e+001
  1.8489000e+001
  1.8460000e+001
  1.8530000e+001
  1.8530000e+001
  1.8550000e+001
  1.8539000e+001
  1.8520000e+001
  1.8510000e+001
  1.8510000e+001
  1.8480000e+001
  1.8510000e+001
  1.8510000e+001
  1.8511000e+001
  1.8530000e+001
  1.8540000e+001
  1.8539000e+001
  1.8550000e+001
  1.8550000e+001
  1.8549000e+001
  1.8550000e+001
  1.8540000e+001
  1.8540000e+001
  1.8532000e+001
  1.8540000e+001
  1.8520000e+001
  1.8520000e+001
  1.8510000e+001
  1.8500000e+001
  1.8470000e+001
  1.8450000e+001
  1.8461000e+001
  1.8480000e+001
  1.8479000e+001
  1.8478000e+001
  1.8481000e+001
  1.8460000e+001
  1.8430000e+001
  1.8430000e+001
  1.8420000e+001
  1.8419000e+001
  1.8450000e+001
  1.8470000e+001
  1.8480000e+001
  1.8470000e+001
  1.8479000e+001
  1.8460000e+001
  1.8470000e+001
  1.8479000e+001
  1.8519000e+001
  1.8470000e+001
  1.8470000e+001
  1.8480000e+001
  1.8475000e+001
  1.8500000e+001
  1.8460000e+001
  1.8460000e+001
  1.8480000e+001
  1.8472000e+001
  1.8490000e+001
  1.8470000e+001
  1.8471000e+001
  1.8490000e+001
  1.8490000e+001
  1.8490000e+001
  1.8490000e+001
  1.8500000e+001
  1.8490000e+001
  1.8509000e+001
  1.8490000e+001
  1.8527000e+001
  1.8560000e+001
  1.8548000e+001
  1.8579000e+001
  1.8570000e+001
  1.8590000e+001
  1.8599000e+001
  1.8570000e+001
  1.8590000e+001
  1.8700000e+001
  1.8710000e+001
  1.8700000e+001
  1.8560000e+001
  1.8700000e+001
  1.8690000e+001
  1.8640000e+001
  1.8620000e+001
  1.8630000e+001
  1.8650000e+001
  1.8640000e+001
  1.8651000e+001
  1.8641000e+001
  1.8630000e+001
  1.8650000e+001
  1.8650000e+001
  1.8660000e+001
  1.8670000e+001
  1.8650000e+001
  1.8640000e+001
  1.8641000e+001
  1.8659000e+001
  1.8649000e+001
  1.8679000e+001
  1.8670000e+001
  1.8650000e+001
  1.8639000e+001
  1.8450000e+001
  1.8510000e+001
  1.8490000e+001
  1.8340000e+001
  1.8389000e+001
  1.8340000e+001
  1.8350000e+001
  1.8241000e+001
  1.8290000e+001
  1.8270000e+001
  1.8220000e+001
  1.8249000e+001
  1.8300000e+001
  1.8270000e+001
  1.8200000e+001
  1.8251000e+001
  1.8020000e+001
  1.8281000e+001
  1.8270000e+001
  1.8330000e+001
  1.8310000e+001
  1.8262000e+001
  1.8180000e+001
  1.8230000e+001
  1.8270000e+001
  1.8220000e+001
  1.8290000e+001
  1.8250000e+001
  1.8245000e+001
  1.8230000e+001
  1.8320000e+001
  1.8330000e+001
  1.8279000e+001
  1.8309000e+001
  1.8285000e+001
  1.8299000e+001
  1.8295000e+001
  1.8299000e+001
  1.8280000e+001
  1.8251000e+001
  1.8290000e+001
  1.8240000e+001
  1.8270000e+001
  1.8258000e+001
  1.8315000e+001
  1.8300000e+001
  1.8290000e+001
  1.8400000e+001
  1.8440000e+001
  1.8420000e+001
  1.8430000e+001
  1.8430000e+001
  1.8410000e+001
  1.8459000e+001
  1.8430000e+001
  1.8429000e+001
  1.8430000e+001
  1.8400000e+001
  1.8410000e+001
  1.8352000e+001
  1.8389000e+001
  1.8380000e+001
  1.8349000e+001
  1.8350000e+001
  1.8390000e+001
  1.8380000e+001
  1.8380000e+001
  1.8340000e+001
  1.8340000e+001
  1.8348000e+001
  1.8310000e+001
  1.8320000e+001
  1.8330000e+001
  1.8280000e+001
  1.8260000e+001
  1.8260000e+001
  1.8252000e+001
  1.8260000e+001
  1.8270000e+001
  1.8291000e+001
  1.8300000e+001
  1.8230000e+001
  1.8230000e+001
  1.8250000e+001
  1.8210000e+001
  1.8170000e+001
  1.8200000e+001
  1.8239000e+001
  1.8230000e+001
  1.8240000e+001
  1.8185000e+001
  1.8230000e+001
  1.8260000e+001
  1.8194000e+001
  1.8200000e+001
  1.8201000e+001
  1.8180000e+001
  1.8230000e+001
  1.8190000e+001
  1.8200000e+001
  1.8220000e+001
  1.8200000e+001
  1.8200000e+001
  1.8210000e+001
  1.8170000e+001
  1.8210000e+001
  1.8261000e+001
  1.8249000e+001
  1.8220000e+001
  1.8209000e+001
  1.8210000e+001
  1.8210000e+001
  1.8229000e+001
  1.8220000e+001
  1.8235000e+001
  1.8249000e+001
  1.8250000e+001
  1.8250000e+001
  1.8280000e+001
  1.8280000e+001
  1.8270000e+001
  1.8260000e+001
  1.8290000e+001
  1.8240000e+001
  1.8240000e+001
  1.8280000e+001
  1.8260000e+001
  1.8220000e+001
  1.8250000e+001
  1.8231000e+001
  1.8270000e+001
  1.8270000e+001
  1.8261000e+001
  1.8260000e+001
  1.8281000e+001
  1.8250000e+001
  1.8241000e+001
  1.8261000e+001
  1.8240000e+001
  1.8269000e+001
  1.8270000e+001
  1.8310000e+001
  1.8299000e+001
  1.8270000e+001
  1.8271000e+001
  1.8280000e+001
  1.8281000e+001
  1.8320000e+001
  1.8330000e+001
  1.8320000e+001
  1.8310000e+001
  1.8310000e+001
  1.8299000e+001
  1.8270000e+001
  1.8280000e+001
  1.8299000e+001
  1.8310000e+001
  1.8271000e+001
  1.8281000e+001
  1.8280000e+001
  1.8289000e+001
  1.8280000e+001
  1.8270000e+001
  1.8269000e+001
  1.8260000e+001
  1.8280000e+001
  1.8299000e+001
  1.8280000e+001
  1.8299000e+001
  1.8300000e+001
  1.8300000e+001
  1.8311000e+001
  1.8290000e+001
  1.8300000e+001
  1.8290000e+001
  1.8280000e+001
  1.8280000e+001
  1.8270000e+001
  1.8277000e+001
  1.8280000e+001
  1.8279000e+001
  1.8280000e+001
  1.8279000e+001
  1.8270000e+001
  1.8280000e+001
  1.8291000e+001
  1.8370000e+001
  1.8370000e+001
  1.8370000e+001
  1.8370000e+001
  1.8370000e+001
  1.8370000e+001
  1.8370000e+001
  1.8370000e+001
  1.8370000e+001
  1.8370000e+001
  1.8370000e+001
  1.8370000e+001
  1.8370000e+001
  1.8370000e+001
  1.8370000e+001
  1.8370000e+001
  1.8370000e+001
  1.8370000e+001
  1.8370000e+001
  1.8370000e+001
  1.8370000e+001
  1.8370000e+001
  1.8370000e+001
  1.8370000e+001
  1.8370000e+001
  1.8370000e+001
  1.8370000e+001
  1.8370000e+001
  1.8370000e+001
  1.8370000e+001
  1.8370000e+001
  1.8370000e+001
  1.8370000e+001
  1.8370000e+001
  1.8370000e+001
  1.8370000e+001
  1.8370000e+001
  1.8370000e+001
  1.8370000e+001
  1.8370000e+001
  1.8370000e+001
  1.8370000e+001
  1.8370000e+001
  1.8370000e+001
  1.8370000e+001
  1.8370000e+001
  1.8370000e+001
  1.8370000e+001
  1.8370000e+001
  1.8370000e+001
  1.8370000e+001
  1.8370000e+001
  1.8370000e+001
  1.8370000e+001
  1.8370000e+001
  1.8370000e+001
  1.8370000e+001
  1.8370000e+001
  1.8370000e+001
  1.8370000e+001
  1.8370000e+001
  1.8370000e+001
  1.8370000e+001
  1.8370000e+001
  1.8370000e+001
  1.8370000e+001
  1.8370000e+001
  1.8370000e+001
  1.8370000e+001
  1.8370000e+001
  1.8370000e+001
  1.8370000e+001
  1.8370000e+001
  1.8370000e+001
  1.8370000e+001
  1.8370000e+001
  1.8370000e+001
  1.8370000e+001
  1.8370000e+001
  1.8370000e+001
  1.8370000e+001
  1.8370000e+001
  1.8370000e+001
  1.8370000e+001
  1.8370000e+001
  1.8370000e+001
  1.8370000e+001
  1.8370000e+001
  1.8370000e+001
  1.8370000e+001
  1.8370000e+001
  1.8370000e+001
  1.8370000e+001
  1.8370000e+001
  1.8370000e+001
  1.8370000e+001
  1.8370000e+001
  1.8370000e+001
  1.8370000e+001
  1.8370000e+001
  1.8370000e+001
  1.8370000e+001
  1.8370000e+001
  1.8370000e+001
  1.8370000e+001
  1.8370000e+001
  1.8370000e+001
  1.8370000e+001
  1.8370000e+001
  1.8370000e+001
  1.8370000e+001
  1.8370000e+001
  1.8370000e+001
  1.8370000e+001
  1.8370000e+001
  1.8370000e+001
  1.8370000e+001
  1.8370000e+001
  1.8370000e+001
  1.8370000e+001
  1.8370000e+001
  1.8370000e+001
  1.8370000e+001
  1.8370000e+001
  1.8370000e+001
  1.8370000e+001
  1.8370000e+001
  1.8370000e+001
  1.8370000e+001
  1.8370000e+001
  1.8370000e+001
  1.8370000e+001
  1.8370000e+001
  1.8370000e+001
  1.8370000e+001
  1.8370000e+001
  1.8370000e+001
  1.8370000e+001
  1.8370000e+001
  1.8370000e+001
  1.8370000e+001
  1.8370000e+001
  1.8370000e+001
  1.8370000e+001
  1.8370000e+001
  1.8370000e+001
  1.8370000e+001
  1.8370000e+001
  1.8370000e+001
  1.8370000e+001
  1.8370000e+001
  1.8370000e+001
  1.8370000e+001
  1.8370000e+001
  1.8370000e+001
  1.8370000e+001
  1.8370000e+001
  1.8370000e+001
  1.8370000e+001
  1.8370000e+001
  1.8370000e+001
  1.8370000e+001
  1.8370000e+001
  1.8370000e+001
  1.8370000e+001
  1.8370000e+001
  1.8370000e+001
  1.8370000e+001
  1.8370000e+001
  1.8370000e+001
  1.8370000e+001
  1.8370000e+001
  1.8370000e+001
  1.8370000e+001
  1.8370000e+001
  1.8370000e+001
  1.8370000e+001
  1.8370000e+001
  1.8370000e+001
  1.8370000e+001
  1.8370000e+001
  1.8370000e+001
  1.8370000e+001
  1.8370000e+001
  1.8370000e+001
  1.8370000e+001
  1.8370000e+001
  1.8370000e+001
  1.8370000e+001
  1.8370000e+001
  1.8370000e+001
  1.8370000e+001
  1.8370000e+001
  1.8370000e+001
  1.8370000e+001
  1.8370000e+001
  1.8370000e+001
  1.8370000e+001
  1.8370000e+001
  1.8370000e+001
  1.8370000e+001
  1.8370000e+001
  1.8370000e+001
  1.8370000e+001
  1.8780000e+001
  1.8650000e+001
  1.8680000e+001
  1.8670000e+001
  1.8650000e+001
  1.8530000e+001
  1.8554000e+001
  1.8550000e+001
  1.8560000e+001
  1.8610000e+001
  1.8630000e+001
  1.8590000e+001
  1.8560000e+001
  1.8540000e+001
  1.8540000e+001
  1.8561000e+001
  1.8604000e+001
  1.8530000e+001
  1.8550000e+001
  1.8600000e+001
  1.8630000e+001
  1.8590000e+001
  1.8580000e+001
  1.8580000e+001
  1.8640000e+001
  1.8570000e+001
  1.8610000e+001
  1.8673000e+001
  1.8720000e+001
  1.8750000e+001
  1.8690000e+001
  1.8711000e+001
  1.8680000e+001
  1.8580000e+001
  1.8610000e+001
  1.8650000e+001
  1.8690000e+001
  1.8710000e+001
  1.8780000e+001
  1.8810000e+001
  1.8814000e+001
  1.8820000e+001
  1.8770000e+001
  1.8750000e+001
  1.8680000e+001
  1.8710000e+001
  1.8739000e+001
  1.8710000e+001
  1.8682000e+001
  1.8660000e+001
  1.8710000e+001
  1.8670000e+001
  1.8720000e+001
  1.8690000e+001
  1.8740000e+001
  1.8730000e+001
  1.8719000e+001
  1.8720000e+001
  1.8760000e+001
  1.8780000e+001
  1.8799000e+001
  1.8750000e+001
  1.8780000e+001
  1.8770000e+001
  1.8780000e+001
  1.8770000e+001
  1.8780000e+001
  1.8800000e+001
  1.8820000e+001
  1.8790000e+001
  1.8790000e+001
  1.8781000e+001
  1.8750000e+001
  1.8769000e+001
  1.8760000e+001
  1.8750000e+001
  1.8740000e+001
  1.8722000e+001
  1.8740000e+001
  1.8790000e+001
  1.8751000e+001
  1.8730000e+001
  1.8700000e+001
  1.8640000e+001
  1.8650000e+001
  1.8664000e+001
  1.8643000e+001
  1.8651000e+001
  1.8670000e+001
  1.8640000e+001
  1.8650000e+001
  1.8630000e+001
  1.8660000e+001
  1.8640000e+001
  1.8660000e+001
  1.8659000e+001
  1.8650000e+001
  1.8620000e+001
  1.8600000e+001
  1.8628000e+001
  1.8590000e+001
  1.8570000e+001
  1.8560000e+001
  1.8590000e+001
  1.8580000e+001
  1.8571000e+001
  1.8561000e+001
  1.8580000e+001
  1.8580000e+001
  1.8610000e+001
  1.8580000e+001
  1.8620000e+001
  1.8620000e+001
  1.8610000e+001
  1.8610000e+001
  1.8610000e+001
  1.8630000e+001
  1.8620000e+001
  1.8620000e+001
  1.8610000e+001
  1.8620000e+001
  1.8610000e+001
  1.8619000e+001
  1.8620000e+001
  1.8620000e+001
  1.8610000e+001
  1.8610000e+001
  1.8600000e+001
  1.8620000e+001
  1.8610000e+001
  1.8600000e+001
  1.8600000e+001
  1.8620000e+001
  1.8620000e+001
  1.8630000e+001
  1.8610000e+001
  1.8630000e+001
  1.8630000e+001
  1.8600000e+001
  1.8600000e+001
  1.8580000e+001
  1.8560000e+001
  1.8570000e+001
  1.8570000e+001
  1.8570000e+001
  1.8550000e+001
  1.8521000e+001
  1.8510000e+001
  1.8510000e+001
  1.8510000e+001
  1.8480000e+001
  1.8460000e+001
  1.8450000e+001
  1.8450000e+001
  1.8460000e+001
  1.8420000e+001
  1.8410000e+001
  1.8420000e+001
  1.8420000e+001
  1.8433000e+001
  1.8470000e+001
  1.8450000e+001
  1.8425000e+001
  1.8410000e+001
  1.8410000e+001
  1.8430000e+001
  1.8430000e+001
  1.8459000e+001
  1.8450000e+001
  1.8460000e+001
  1.8490000e+001
  1.8510000e+001
  1.8500000e+001
  1.8510000e+001
  1.8501000e+001
  1.8490000e+001
  1.8500000e+001
  1.8490000e+001
  1.8500000e+001
  1.8500000e+001
  1.8500000e+001
  1.8490000e+001
  1.8480000e+001
  1.8470000e+001
  1.8470000e+001
  1.8453000e+001
  1.8450000e+001
  1.8430000e+001
  1.8440000e+001
  1.8440000e+001
  1.8430000e+001
  1.8440000e+001
  1.8440000e+001
  1.8410000e+001
  1.8405000e+001
  1.8430000e+001
  1.8440000e+001
  1.8430000e+001
  1.8450000e+001
  1.8468000e+001
  1.8480000e+001
  1.8462000e+001
  1.8460000e+001
  1.8460000e+001
  1.8479000e+001
  1.8480000e+001
  1.8490000e+001
  1.8499000e+001
  1.8499000e+001
  1.8504000e+001
  1.8490000e+001
  1.8490000e+001
  1.8472000e+001
  1.8480000e+001
  1.8460000e+001
  1.8470000e+001
  1.8461000e+001
  1.8420000e+001
  1.8430000e+001
  1.8420000e+001
  1.8410000e+001
  1.8410000e+001
  1.8420000e+001
  1.8421000e+001
  1.8450000e+001
  1.8440000e+001
  1.8439000e+001
  1.8430000e+001
  1.8460000e+001
  1.8451000e+001
  1.8450000e+001
  1.8460000e+001
  1.8450000e+001
  1.8450000e+001
  1.8469000e+001
  1.8450000e+001
  1.8460000e+001
  1.8470000e+001
  1.8450000e+001
  1.8451000e+001
  1.8440000e+001
  1.8450000e+001
  1.8450000e+001
  1.8430000e+001
  1.8420000e+001
  1.8400000e+001
  1.8410000e+001
  1.8400000e+001
  1.8390000e+001
  1.8400000e+001
  1.8390000e+001
  1.8400000e+001
  1.8390000e+001
  1.8380000e+001
  1.8411000e+001
  1.8400000e+001
  1.8390000e+001
  1.8400000e+001
  1.8380000e+001
  1.8400000e+001
  1.8380000e+001
  1.8381000e+001
  1.8400000e+001
  1.8380000e+001
  1.8390000e+001
  1.8390000e+001
  1.8400000e+001
  1.8380000e+001
  1.8350000e+001
  1.8350000e+001
  1.8360000e+001
  1.8344000e+001
  1.8320000e+001
  1.8290000e+001
  1.8320000e+001
  1.8360000e+001
  1.8350000e+001
  1.8350000e+001
  1.8350000e+001
  1.8400000e+001
  1.8390000e+001
  1.8400000e+001
  1.8400000e+001
  1.8370000e+001
  1.8380000e+001
  1.8390000e+001
  1.8400000e+001
  1.8361000e+001
  1.8390000e+001
  1.8389000e+001
  1.8400000e+001
  1.8400000e+001
  1.8370000e+001
  1.8370000e+001
  1.8365000e+001
  1.8322000e+001
  1.8310000e+001
  1.8300000e+001
  1.8290000e+001
  1.8280000e+001
  1.8280000e+001
  1.8260000e+001
  1.8255000e+001
  1.8269000e+001
  1.8260000e+001
  1.8260000e+001
  1.8280000e+001
  1.8290000e+001
  1.8280000e+001
  1.8290000e+001
  1.8320000e+001
  1.8310000e+001
  1.8300000e+001
  1.8280000e+001
  1.8270000e+001
  1.8280000e+001
  1.8271000e+001
  1.8290000e+001
  1.8311000e+001
  1.8310000e+001
  1.8300000e+001
  1.8300000e+001
  1.8280000e+001
  1.8280000e+001
  1.8280000e+001
  1.8270000e+001
  1.8276000e+001
  1.8300000e+001
  1.8296000e+001
  1.8300000e+001
  1.8270000e+001
  1.8292000e+001
  1.8271000e+001
  1.8290000e+001
  1.8300000e+001
  1.8300000e+001
  1.8298000e+001
  1.8310000e+001
  1.8310000e+001
  1.8301000e+001
  1.8300000e+001
  1.8300000e+001
  1.8310000e+001
  1.8280000e+001
  1.8270000e+001
  1.8260000e+001
  1.8289000e+001
  1.8252000e+001
  1.8260000e+001
  1.8260000e+001
  1.8260000e+001
  1.8250000e+001
  1.8260000e+001
  1.8260000e+001
  1.8231000e+001
  1.8200000e+001
  1.8210000e+001
  1.8204000e+001
  1.8210000e+001
  1.8202000e+001
  1.8230000e+001
  1.8260000e+001
  1.8260000e+001
  1.8270000e+001
  1.8270000e+001
  1.8270000e+001
  1.8270000e+001
  1.8220000e+001
  1.8210000e+001
  1.8210000e+001
  1.8230000e+001
  1.8210000e+001
  1.8200000e+001
  1.8220000e+001
  1.8161000e+001
  1.8190000e+001
  1.8172000e+001
  1.8210000e+001
  1.8200000e+001
  1.8170000e+001
  1.8150000e+001
  1.8140000e+001
  1.8130000e+001
  1.8110000e+001
  1.8140000e+001
  1.8120000e+001
  1.8125000e+001
  1.8170000e+001
  1.8130000e+001
  1.8160000e+001
  1.8080000e+001
  1.7880000e+001
  1.7830000e+001
  1.7810000e+001
  1.7885000e+001
  1.7859000e+001
  1.7850000e+001
  1.7859000e+001
  1.7950000e+001
  1.7949000e+001
  1.7860000e+001
  1.7890000e+001
  1.7850000e+001
  1.7900000e+001
  1.7840000e+001
  1.7820000e+001
  1.7830000e+001
  1.7850000e+001
  1.8070000e+001
  1.8060000e+001
  1.7970000e+001
  1.8000000e+001
  1.8080000e+001
  1.8110000e+001
  1.8000000e+001
  1.7970000e+001
  1.7970000e+001
  1.7960000e+001
  1.7961000e+001
  1.7930000e+001
  1.7900000e+001
  1.7914000e+001
  1.8000000e+001
  1.8060000e+001
  1.7980000e+001
  1.8010000e+001
  1.7980000e+001
  1.7960000e+001
  1.7860000e+001
  1.7830000e+001
  1.7820000e+001
  1.7895000e+001
  1.7930000e+001
  1.7870000e+001
  1.7870000e+001
  1.7870000e+001
  1.7925000e+001
  1.7915000e+001
  1.7940000e+001
  1.7950000e+001
  1.7900000e+001
  1.7900000e+001
  1.7900000e+001
  1.7910000e+001
  1.7910000e+001
  1.8010000e+001
  1.8000000e+001
  1.8010000e+001
  1.8040000e+001
  1.7980000e+001
  1.7950000e+001
  1.7970000e+001
  1.7930000e+001
  1.7900000e+001
  1.7875000e+001
  1.7875000e+001
  1.7860000e+001
  1.7850000e+001
  1.7870000e+001
  1.7850000e+001
  1.7850000e+001
  1.7875000e+001
  1.7830000e+001
  1.7880000e+001
  1.7920000e+001
  1.7910000e+001
  1.7870000e+001
  1.7960000e+001
  1.7960000e+001
  1.7980000e+001
  1.8010000e+001
  1.8020000e+001
  1.8010000e+001
  1.8000000e+001
  1.8030000e+001
  1.8010000e+001
  1.8010000e+001
  1.8060000e+001
  1.8130000e+001
  1.8100000e+001
  1.8096000e+001
  1.8090000e+001
  1.8100000e+001
  1.8150000e+001
  1.8150000e+001
  1.8140000e+001
  1.8180000e+001
  1.8200000e+001
  1.8130000e+001
  1.8150000e+001
  1.8157000e+001
  1.8130000e+001
  1.8070000e+001
  1.8040000e+001
  1.8050000e+001
  1.8050000e+001
  1.8060000e+001
  1.8011000e+001
  1.8000000e+001
  1.7975000e+001
  1.7975000e+001
  1.7920000e+001
  1.7940000e+001
  1.7930000e+001
  1.7989000e+001
  1.7950000e+001
  1.7915000e+001
  1.7925000e+001
  1.7950000e+001
  1.7920000e+001
  1.7980000e+001
  1.7976000e+001
  1.7950000e+001
  1.8020000e+001
  1.7990000e+001
  1.7990000e+001
  1.8010000e+001
  1.7990000e+001
  1.8029000e+001
  1.8090000e+001
  1.8090000e+001
  1.8055000e+001
  1.8040000e+001
  1.8068000e+001
  1.8060000e+001
  1.8040000e+001
  1.8050000e+001
  1.8049000e+001
  1.8140000e+001
  1.8220000e+001
  1.8200000e+001
  1.8170000e+001
  1.8194000e+001
  1.8160000e+001
  1.8140000e+001
  1.8170000e+001
  1.8190000e+001
  1.8240000e+001
  1.8230000e+001
  1.8210000e+001
  1.8250000e+001
  1.8210000e+001
  1.8230000e+001
  1.8210000e+001
  1.8190000e+001
  1.8170000e+001
  1.8140000e+001
  1.8130000e+001
  1.8160000e+001
  1.8178000e+001
  1.8150000e+001
  1.8150000e+001
  1.8150000e+001
  1.8160000e+001
  1.8210000e+001
  1.8245000e+001
  1.8210000e+001
  1.8205000e+001
  1.8180000e+001
  1.8160000e+001
  1.8140000e+001
  1.8130000e+001
  1.8230000e+001
  1.8240000e+001
  1.8200000e+001
  1.8230000e+001
  1.8241000e+001
  1.8250000e+001
  1.8240000e+001
  1.8250000e+001
  1.8240000e+001
  1.8210000e+001
  1.8239000e+001
  1.8236000e+001
  1.8240000e+001
  1.8246000e+001
  1.8231000e+001
  1.8240000e+001
  1.8220000e+001
  1.8260000e+001
  1.8270000e+001
  1.8280000e+001
  1.8310000e+001
  1.8310000e+001
  1.8310000e+001
  1.8310000e+001
  1.8300000e+001
  1.8310000e+001
  1.8310000e+001
  1.8281000e+001
  1.8255000e+001
  1.8261000e+001
  1.8290000e+001
  1.8290000e+001
  1.8281000e+001
  1.8280000e+001
  1.8270000e+001
  1.8260000e+001
  1.8270000e+001
  1.8280000e+001
  1.8290000e+001
  1.8280000e+001
  1.8290000e+001
  1.8290000e+001
  1.8310000e+001
  1.8290000e+001
  1.8300000e+001
  1.8280000e+001
  1.8290000e+001
  1.8320000e+001
  1.8290000e+001
  1.8290000e+001
  1.8300000e+001
  1.8300000e+001
  1.8300000e+001
  1.8300000e+001
  1.8320000e+001
  1.8300000e+001
  1.8275000e+001
  1.8250000e+001
  1.8255000e+001
  1.8269000e+001
  1.8290000e+001
  1.8270000e+001
  1.8280000e+001
  1.8290000e+001
  1.8320000e+001
  1.8310000e+001
  1.8340000e+001
  1.8310000e+001
  1.8361000e+001
  1.8335000e+001
  1.8350000e+001
  1.8340000e+001
  1.8300000e+001
  1.8320000e+001
  1.8320000e+001
  1.8330000e+001
  1.8340000e+001
  1.8330000e+001
  1.8170000e+001
  1.8330000e+001
  1.8320000e+001
  1.8300000e+001
  1.8281000e+001
  1.8291000e+001
  1.8290000e+001
  1.8280000e+001
  1.8290000e+001
  1.8300000e+001
  1.8290000e+001
  1.8300000e+001
  1.8320000e+001
  1.8300000e+001
  1.8280000e+001
  1.8270000e+001
  1.8250000e+001
  1.8269000e+001
  1.8270000e+001
  1.8280000e+001
  1.8270000e+001
  1.8270000e+001
  1.8280000e+001
  1.8290000e+001
  1.8270000e+001
  1.8260000e+001
  1.8230000e+001
  1.8260000e+001
  1.8260000e+001
  1.8250000e+001
  1.8254000e+001
  1.8270000e+001
  1.8280000e+001
  1.8300000e+001
  1.8290000e+001
  1.8291000e+001
  1.8250000e+001
  1.8240000e+001
  1.8290000e+001
  1.8310000e+001
  1.8321000e+001
  1.8310000e+001
  1.8320000e+001
  1.8320000e+001
  1.8190000e+001
  1.8330000e+001
  1.8310000e+001
  1.8330000e+001
  1.8320000e+001
  1.8310000e+001
  1.8301000e+001
  1.8310000e+001
  1.8290000e+001
  1.8300000e+001
  1.8288000e+001
  1.8280000e+001
  1.8280000e+001
  1.8273000e+001
  1.8260000e+001
  1.8270000e+001
  1.8242000e+001
  1.8241000e+001
  1.8269000e+001
  1.8310000e+001
  1.8310000e+001
  1.8310000e+001
  1.8259000e+001
  1.8270000e+001
  1.8280000e+001
  1.8270000e+001
  1.8270000e+001
  1.8280000e+001
  1.8271000e+001
  1.8280000e+001
  1.8280000e+001
  1.8288000e+001
  1.8280000e+001
  1.8300000e+001
  1.8310000e+001
  1.8310000e+001
  1.8310000e+001
  1.8310000e+001
  1.8310000e+001
  1.8310000e+001
  1.8310000e+001
  1.8310000e+001
  1.8310000e+001
  1.8310000e+001
  1.8310000e+001
  1.8310000e+001
  1.8310000e+001
  1.8310000e+001
  1.8310000e+001
  1.8310000e+001
  1.8310000e+001
  1.8310000e+001
  1.8310000e+001
  1.8310000e+001
  1.8310000e+001
  1.8310000e+001
  1.8310000e+001
  1.8310000e+001
  1.8310000e+001
  1.8310000e+001
  1.8310000e+001
  1.8310000e+001
  1.8310000e+001
  1.8310000e+001
  1.8310000e+001
  1.8310000e+001
  1.8310000e+001
  1.8310000e+001
  1.8310000e+001
  1.8310000e+001
  1.8310000e+001
  1.8310000e+001
  1.8310000e+001
  1.8310000e+001
  1.8310000e+001
  1.8310000e+001
  1.8310000e+001
  1.8310000e+001
  1.8310000e+001
  1.8310000e+001
  1.8310000e+001
  1.8310000e+001
  1.8310000e+001
  1.8310000e+001
  1.8310000e+001
  1.8310000e+001
  1.8310000e+001
  1.8310000e+001
  1.8310000e+001
  1.8310000e+001
  1.8310000e+001
  1.8310000e+001
  1.8310000e+001
  1.8310000e+001
  1.8310000e+001
  1.8310000e+001
  1.8200000e+001
  1.8110000e+001
  1.8090000e+001
  1.8000000e+001
  1.8040000e+001
  1.8090000e+001
  1.8140000e+001
  1.8180000e+001
  1.8230000e+001
  1.8240000e+001
  1.8150000e+001
  1.8230000e+001
  1.8160000e+001
  1.8150000e+001
  1.8190000e+001
  1.8110000e+001
  1.8139000e+001
  1.8170000e+001
  1.8140000e+001
  1.8160000e+001
  1.8170000e+001
  1.8190000e+001
  1.8179000e+001
  1.8130000e+001
  1.8129000e+001
  1.8140000e+001
  1.8189000e+001
  1.8160000e+001
  1.8160000e+001
  1.8159000e+001
  1.8180000e+001
  1.8190000e+001
  1.8210000e+001
  1.8260000e+001
  1.8236000e+001
  1.8184000e+001
  1.8260000e+001
  1.8310000e+001
  1.8300000e+001
  1.8280000e+001
  1.8290000e+001
  1.8310000e+001
  1.8291000e+001
  1.8260000e+001
  1.8230000e+001
  1.8240000e+001
  1.8290000e+001
  1.8250000e+001
  1.8350000e+001
  1.8330000e+001
  1.8360000e+001
  1.8265000e+001
  1.8290000e+001
  1.8320000e+001
  1.8330000e+001
  1.8390000e+001
  1.8360000e+001
  1.8360000e+001
  1.8364000e+001
  1.8330000e+001
  1.8370000e+001
  1.8380000e+001
  1.8389000e+001
  1.8360000e+001
  1.8350000e+001
  1.8350000e+001
  1.8335000e+001
  1.8360000e+001
  1.8340000e+001
  1.8360000e+001
  1.8381000e+001
  1.8360000e+001
  1.8350000e+001
  1.8370000e+001
  1.8380000e+001
  1.8398000e+001
  1.8370000e+001
  1.8350000e+001
  1.8360000e+001
  1.8360000e+001
  1.8350000e+001
  1.8339000e+001
  1.8340000e+001
  1.8330000e+001
  1.8360000e+001
  1.8350000e+001
  1.8341000e+001
  1.8350000e+001
  1.8340000e+001
  1.8330000e+001
  1.8340000e+001
  1.8360000e+001
  1.8340000e+001
  1.8360000e+001
  1.8370000e+001
  1.8371000e+001
  1.8340000e+001
  1.8330000e+001
  1.8340000e+001
  1.8341000e+001
  1.8330000e+001
  1.8341000e+001
  1.8300000e+001
  1.8280000e+001
  1.8280000e+001
  1.8260000e+001
  1.8200000e+001
  1.8240000e+001
  1.8230000e+001
  1.8208000e+001
  1.8211000e+001
  1.8230000e+001
  1.8250000e+001
  1.8210000e+001
  1.8219000e+001
  1.8230000e+001
  1.8190000e+001
  1.8150000e+001
  1.8130000e+001
  1.8140000e+001
  1.8110000e+001
  1.8130000e+001
  1.8080000e+001
  1.8070000e+001
  1.8065000e+001
  1.8080000e+001
  1.8100000e+001
  1.8110000e+001
  1.8140000e+001
  1.8170000e+001
  1.8151000e+001
  1.8150000e+001
  1.8140000e+001
  1.8140000e+001
  1.8120000e+001
  1.8120000e+001
  1.8110000e+001
  1.8110000e+001
  1.8130000e+001
  1.8120000e+001
  1.8110000e+001
  1.8130000e+001
  1.8130000e+001
  1.8130000e+001
  1.8130000e+001
  1.8130000e+001
  1.8110000e+001
  1.8115000e+001
  1.8130000e+001
  1.8130000e+001
  1.8130000e+001
  1.8160000e+001
  1.8130000e+001
  1.8171000e+001
  1.8150000e+001
  1.8140000e+001
  1.8120000e+001
  1.8131000e+001
  1.8120000e+001
  1.8100000e+001
  1.8100000e+001
  1.8120000e+001
  1.8148000e+001
  1.8140000e+001
  1.8140000e+001
  1.8140000e+001
  1.8190000e+001
  1.8200000e+001
  1.8179000e+001
  1.8187000e+001
  1.8170000e+001
  1.8180000e+001
  1.8190000e+001
  1.8210000e+001
  1.8229000e+001
  1.8230000e+001
  1.8240000e+001
  1.8240000e+001
  1.8240000e+001
  1.8250000e+001
  1.8180000e+001
  1.8190000e+001
  1.8230000e+001
  1.8210000e+001
  1.8190000e+001
  1.8180000e+001
  1.8190000e+001
  1.8200000e+001
  1.8181000e+001
  1.8181000e+001
  1.8190000e+001
  1.8200000e+001
  1.8191000e+001
  1.8160000e+001
  1.8171000e+001
  1.8180000e+001
  1.8190000e+001
  1.8190000e+001
  1.8199000e+001
  1.8190000e+001
  1.8189000e+001
  1.8190000e+001
  1.8188000e+001
  1.8200000e+001
  1.8180000e+001
  1.8170000e+001
  1.8180000e+001
  1.8170000e+001
  1.8180000e+001
  1.8210000e+001
  1.8200000e+001
  1.8190000e+001
  1.8240000e+001
  1.8246000e+001
  1.8240000e+001
  1.8221000e+001
  1.8231000e+001
  1.8240000e+001
  1.8191000e+001
  1.8170000e+001
  1.8190000e+001
  1.8190000e+001
  1.8200000e+001
  1.8190000e+001
  1.8170000e+001
  1.8180000e+001
  1.8172000e+001
  1.8180000e+001
  1.8170000e+001
  1.8199000e+001
  1.8175000e+001
  1.8171000e+001
  1.8180000e+001
  1.8180000e+001
  1.8180000e+001
  1.8191000e+001
  1.8200000e+001
  1.8210000e+001
  1.8240000e+001
  1.8230000e+001
  1.8201000e+001
  1.8190000e+001
  1.8210000e+001
  1.8220000e+001
  1.8210000e+001
  1.8210000e+001
  1.8210000e+001
  1.8210000e+001
  1.8190000e+001
  1.8210000e+001
  1.8200000e+001
  1.8239000e+001
  1.8220000e+001
  1.8209000e+001
  1.8211000e+001
  1.8240000e+001
  1.8250000e+001
  1.8230000e+001
  1.8240000e+001
  1.8240000e+001
  1.8250000e+001
  1.8240000e+001
  1.8230000e+001
  1.8240000e+001
  1.8211000e+001
  1.8180000e+001
  1.8180000e+001
  1.8170000e+001
  1.8170000e+001
  1.8180000e+001
  1.8160000e+001
  1.8180000e+001
  1.8180000e+001
  1.8180000e+001
  1.8190000e+001
  1.8200000e+001
  1.8201000e+001
  1.8210000e+001
  1.8190000e+001
  1.8200000e+001
  1.8210000e+001
  1.8190000e+001
  1.8200000e+001
  1.8190000e+001
  1.8190000e+001
  1.8208000e+001
  1.8200000e+001
  1.8170000e+001
  1.8180000e+001
  1.8170000e+001
  1.8160000e+001
  1.8180000e+001
  1.8189000e+001
  1.8230000e+001
  1.8201000e+001
  1.8200000e+001
  1.8190000e+001
  1.8191000e+001
  1.8220000e+001
  1.8230000e+001
  1.8230000e+001
  1.8220000e+001
  1.8220000e+001
  1.8220000e+001
  1.8229000e+001
  1.8210000e+001
  1.8170000e+001
  1.8180000e+001
  1.8150000e+001
  1.8160000e+001
  1.8170000e+001
  1.8169000e+001
  1.8170000e+001
  1.8160000e+001
  1.8160000e+001
  1.8160000e+001
  1.8160000e+001
  1.8170000e+001
  1.8170000e+001
  1.8179000e+001
  1.8161000e+001
  1.8170000e+001
  1.8170000e+001
  1.8160000e+001
  1.8170000e+001
  1.8150000e+001
  1.8160000e+001
  1.8170000e+001
  1.8150000e+001
  1.8140000e+001
  1.8130000e+001
  1.8140000e+001
  1.8140000e+001
  1.8130000e+001
  1.8120000e+001
  1.8082000e+001
  1.8070000e+001
  1.8060000e+001
  1.8030000e+001
  1.8021000e+001
  1.8050000e+001
  1.8021000e+001
  1.8000000e+001
  1.8000000e+001
  1.8000000e+001
  1.8000000e+001
  1.8000000e+001
  1.8040000e+001
  1.8030000e+001
  1.8020000e+001
  1.7980000e+001
  1.7980000e+001
  1.8000000e+001
  1.8030000e+001
  1.8040000e+001
  1.8060000e+001
  1.8040000e+001
  1.8040000e+001
  1.8040000e+001
  1.8000000e+001
  1.7970000e+001
  1.7990000e+001
  1.8000000e+001
  1.7990000e+001
  1.8020000e+001
  1.7990000e+001
  1.7960000e+001
  1.7979000e+001
  1.8000000e+001
  1.7970000e+001
  1.7960000e+001
  1.7990000e+001
  1.8010000e+001
  1.8020000e+001
  1.8020000e+001
  1.8000000e+001
  1.8000000e+001
  1.8000000e+001
  1.8000000e+001
  1.7980000e+001
  1.7980000e+001
  1.7980000e+001
  1.7980000e+001
  1.7980000e+001
  1.7990000e+001
  1.7975000e+001
  1.8000000e+001
  1.7981000e+001
  1.8000000e+001
  1.7970000e+001
  1.7990000e+001
  1.7810000e+001
  1.7790000e+001
  1.7830000e+001
  1.7800000e+001
  1.7820000e+001
  1.7830000e+001
  1.7770000e+001
  1.7791000e+001
  1.7830000e+001
  1.7754000e+001
  1.7731000e+001
  1.7790000e+001
  1.7800000e+001
  1.7770000e+001
  1.7760000e+001
  1.7750000e+001
  1.7712000e+001
  1.7710000e+001
  1.7660000e+001
  1.7700000e+001
  1.7520000e+001
  1.7535000e+001
  1.7580000e+001
  1.7591000e+001
  1.7680000e+001
  1.7690000e+001
  1.7660000e+001
  1.7660000e+001
  1.7690000e+001
  1.7710000e+001
  1.7720000e+001
  1.7731000e+001
  1.7820000e+001
  1.7779000e+001
  1.7770000e+001
  1.7760000e+001
  1.7780000e+001
  1.7710000e+001
  1.7690000e+001
  1.7640000e+001
  1.7650000e+001
  1.7675000e+001
  1.7670000e+001
  1.7690000e+001
  1.7670000e+001
  1.7700000e+001
  1.7690000e+001
  1.7690000e+001
  1.7670000e+001
  1.7700000e+001
  1.7690000e+001
  1.7680000e+001
  1.7690000e+001
  1.7710000e+001
  1.7718000e+001
  1.7730000e+001
  1.7740000e+001
  1.7745000e+001
  1.7747000e+001
  1.7751000e+001
  1.7760000e+001
  1.7740000e+001
  1.7690000e+001
  1.7690000e+001
  1.7680000e+001
  1.7710000e+001
  1.7721000e+001
  1.7700000e+001
  1.7710000e+001
  1.7710000e+001
  1.7700000e+001
  1.7690000e+001
  1.7690000e+001
  1.7680000e+001
  1.7679000e+001
  1.7650000e+001
  1.7660000e+001
  1.7630000e+001
  1.7646000e+001
  1.7660000e+001
  1.7678000e+001
  1.7690000e+001
  1.7680000e+001
  1.7680000e+001
  1.7660000e+001
  1.7651000e+001
  1.7650000e+001
  1.7650000e+001
  1.7700000e+001
  1.7690000e+001
  1.7691000e+001
  1.7700000e+001
  1.7700000e+001
  1.7670000e+001
  1.7657000e+001
  1.7640000e+001
  1.7620000e+001
  1.7610000e+001
  1.7619000e+001
  1.7572000e+001
  1.7580000e+001
  1.7580000e+001
  1.7579000e+001
  1.7580000e+001
  1.7573000e+001
  1.7600000e+001
  1.7599000e+001
  1.7590000e+001
  1.7590000e+001
  1.7610000e+001
  1.7600000e+001
  1.7640000e+001
  1.7660000e+001
  1.7660000e+001
  1.7650000e+001
  1.7631000e+001
  1.7610000e+001
  1.7600000e+001
  1.7620000e+001
  1.7610000e+001
  1.7620000e+001
  1.7611000e+001
  1.7620000e+001
  1.7630000e+001
  1.7631000e+001
  1.7670000e+001
  1.7690000e+001
  1.7700000e+001
  1.7710000e+001
  1.7709000e+001
  1.7690000e+001
  1.7630000e+001
  1.7610000e+001
  1.7620000e+001
  1.7620000e+001
  1.7650000e+001
  1.7679000e+001
  1.7680000e+001
  1.7680000e+001
  1.7690000e+001
  1.7720000e+001
  1.7710000e+001
  1.7740000e+001
  1.7710000e+001
  1.7740000e+001
  1.7720000e+001
  1.7700000e+001
  1.7686000e+001
  1.7702000e+001
  1.7690000e+001
  1.7680000e+001
  1.7670000e+001
  1.7640000e+001
  1.7640000e+001
  1.7640000e+001
  1.7640000e+001
  1.7660000e+001
  1.7662000e+001
  1.7660000e+001
  1.7660000e+001
  1.7660000e+001
  1.7650000e+001
  1.7640000e+001
  1.7648000e+001
  1.7630000e+001
  1.7640000e+001
  1.7641000e+001
  1.7660000e+001
  1.7659000e+001
  1.7640000e+001
  1.7640000e+001
  1.7660000e+001
  1.7660000e+001
  1.7656000e+001
  1.7652000e+001
  1.7650000e+001
  1.7630000e+001
  1.7630000e+001
  1.7650000e+001
  1.7650000e+001
  1.7650000e+001
  1.7640000e+001
  1.7651000e+001
  1.7641000e+001
  1.7650000e+001
  1.7650000e+001
  1.7640000e+001
  1.7640000e+001
  1.7630000e+001
  1.7620000e+001
  1.7621000e+001
  1.7650000e+001
  1.7630000e+001
  1.7621000e+001
  1.7620000e+001
  1.7610000e+001
  1.7620000e+001
  1.7612000e+001
  1.7610000e+001
  1.7618000e+001
  1.7630000e+001
  1.7630000e+001
  1.7670000e+001
  1.7660000e+001
  1.7630000e+001
  1.7640000e+001
  1.7620000e+001
  1.7630000e+001
  1.7640000e+001
  1.7630000e+001
  1.7650000e+001
  1.7640000e+001
  1.7630000e+001
  1.7641000e+001
  1.7640000e+001
  1.7630000e+001
  1.7640000e+001
  1.7641000e+001
  1.7649000e+001
  1.7640000e+001
  1.7640000e+001
  1.7640000e+001
  1.7660000e+001
  1.7660000e+001
  1.7640000e+001
  1.7634000e+001
  1.7634000e+001
  1.7650000e+001
  1.7680000e+001
  1.7689000e+001
  1.7679000e+001
  1.7670000e+001
  1.7661000e+001
  1.7671000e+001
  1.7710000e+001
  1.7700000e+001
  1.7700000e+001
  1.7690000e+001
  1.7709000e+001
  1.7700000e+001
  1.7680000e+001
  1.7690000e+001
  1.7700000e+001
  1.7700000e+001
  1.7699000e+001
  1.7690000e+001
  1.7680000e+001
  1.7680000e+001
  1.7623000e+001
  1.7640000e+001
  1.7651000e+001
  1.7650000e+001
  1.7669000e+001
  1.7650000e+001
  1.7651000e+001
  1.7650000e+001
  1.7649000e+001
  1.7677000e+001
  1.7670000e+001
  1.7680000e+001
  1.7670000e+001
  1.7690000e+001
  1.7710000e+001
  1.7720000e+001
  1.7719000e+001
  1.7710000e+001
  1.7700000e+001
  1.7690000e+001
  1.7681000e+001
  1.7682000e+001
  1.7689000e+001
  1.7660000e+001
  1.7670000e+001
  1.7699000e+001
  1.7680000e+001
  1.7680000e+001
  1.7641000e+001
  1.7640000e+001
  1.7650000e+001
  1.7670000e+001
  1.7650000e+001
  1.7679000e+001
  1.7660000e+001
  1.7660000e+001
  1.7660000e+001
  1.7650000e+001
  1.7631000e+001
  1.7600000e+001
  1.7590000e+001
  1.7590000e+001
  1.7570000e+001
  1.7610000e+001
  1.7610000e+001
  1.7625000e+001
  1.7610000e+001
  1.7601000e+001
  1.7610000e+001
  1.7620000e+001
  1.7630000e+001
  1.7660000e+001
  1.7660000e+001
  1.7640000e+001
  1.7670000e+001
  1.7680000e+001
  1.7660000e+001
  1.7680000e+001
  1.7670000e+001
  1.7670000e+001
  1.7690000e+001
  1.7690000e+001
  1.7670000e+001
  1.7690000e+001
  1.7689000e+001
  1.7678000e+001
  1.7635000e+001
  1.7620000e+001
  1.7610000e+001
  1.7581000e+001
  1.7580000e+001
  1.7570000e+001
  1.7580000e+001
  1.7620000e+001
  1.7621000e+001
  1.7627000e+001
  1.7622000e+001
  1.7640000e+001
  1.7630000e+001
  1.7602000e+001
  1.7650000e+001
  1.7630000e+001
  1.7650000e+001
  1.7640000e+001
  1.7610000e+001
  1.7600000e+001
  1.7620000e+001
  1.7614000e+001
  1.7614000e+001
  1.7600000e+001
  1.7580000e+001
  1.7581000e+001
  1.7600000e+001
  1.7591000e+001
  1.7600000e+001
  1.7609000e+001
  1.7599000e+001
  1.7600000e+001
  1.7600000e+001
  1.7609000e+001
  1.7600000e+001
  1.7610000e+001
  1.7590000e+001
  1.7610000e+001
  1.7620000e+001
  1.7610000e+001
  1.7610000e+001
  1.7620000e+001
  1.7620000e+001
  1.7600000e+001
  1.7600000e+001
  1.7610000e+001
  1.7620000e+001
  1.7610000e+001
  1.7622000e+001
  1.7630000e+001
  1.7612000e+001
  1.7610000e+001
  1.7601000e+001
  1.7604000e+001
  1.7630000e+001
  1.7640000e+001
  1.7641000e+001
  1.7640000e+001
  1.7650000e+001
  1.7650000e+001
  1.7660000e+001
  1.7670000e+001
  1.7670000e+001
  1.7670000e+001
  1.7670000e+001
  1.7670000e+001
  1.7660000e+001
  1.7660000e+001
  1.7654000e+001
  1.7650000e+001
  1.7660000e+001
  1.7660000e+001
  1.7690000e+001
  1.7720000e+001
  1.7700000e+001
  1.7780000e+001
  1.7780000e+001
  1.7780000e+001
  1.7700000e+001
  1.7790000e+001
  1.7790000e+001
  1.7820000e+001
  1.7850000e+001
  1.7920000e+001
  1.7900000e+001
  1.7930000e+001
  1.7880000e+001
  1.7830000e+001
  1.7870000e+001
  1.7870000e+001
  1.7869000e+001
  1.7810000e+001
  1.7790000e+001
  1.7810000e+001
  1.7810000e+001
  1.7809000e+001
  1.7800000e+001
  1.7800000e+001
  1.7800000e+001
  1.7800000e+001
  1.7800000e+001
  1.7800000e+001
  1.7800000e+001
  1.7800000e+001
  1.7800000e+001
  1.7800000e+001
  1.7800000e+001
  1.7800000e+001
  1.7800000e+001
  1.7800000e+001
  1.7800000e+001
  1.7800000e+001
  1.7800000e+001
  1.7800000e+001
  1.7800000e+001
  1.7800000e+001
  1.7800000e+001
  1.7800000e+001
  1.7800000e+001
  1.7800000e+001
  1.7800000e+001
  1.7800000e+001
  1.7800000e+001
  1.7800000e+001
  1.7800000e+001
  1.7800000e+001
  1.7800000e+001
  1.7800000e+001
  1.7800000e+001
  1.7800000e+001
  1.7800000e+001
  1.7800000e+001
  1.7800000e+001
  1.7800000e+001
  1.7800000e+001
  1.7800000e+001
  1.7800000e+001
  1.7800000e+001
  1.7800000e+001
  1.7800000e+001
  1.7800000e+001
  1.7800000e+001
  1.7800000e+001
  1.7800000e+001
  1.7800000e+001
  1.7800000e+001
  1.7800000e+001
  1.7800000e+001
  1.7800000e+001
  1.7800000e+001
  1.7800000e+001
  1.7800000e+001
  1.7800000e+001
  1.7800000e+001
  1.7800000e+001
  1.7800000e+001
  1.7800000e+001
  1.7800000e+001
  1.7800000e+001
  1.7800000e+001
  1.7800000e+001
  1.7800000e+001
  1.7800000e+001
  1.7800000e+001
  1.7800000e+001
  1.7800000e+001
  1.7800000e+001
  1.7800000e+001
  1.7800000e+001
  1.7800000e+001
  1.7800000e+001
  1.7800000e+001
  1.7800000e+001
  1.7800000e+001
  1.7800000e+001
  1.7800000e+001
  1.7800000e+001
  1.7800000e+001
  1.7800000e+001
  1.7800000e+001
  1.7800000e+001
  1.7800000e+001
  1.7800000e+001
  1.7800000e+001
  1.7800000e+001
  1.7800000e+001
  1.7800000e+001
  1.7800000e+001
  1.7800000e+001
  1.7800000e+001
  1.7800000e+001
  1.7800000e+001
  1.7800000e+001
  1.7800000e+001
  1.7800000e+001
  1.7800000e+001
  1.7800000e+001
  1.7800000e+001
  1.7800000e+001
  1.7800000e+001
  1.7800000e+001
  1.7800000e+001
  1.7800000e+001
  1.7800000e+001
  1.7800000e+001
  1.7800000e+001
  1.7800000e+001
  1.7800000e+001
  1.7800000e+001
  1.7800000e+001
  1.7800000e+001
  1.7800000e+001
  1.7800000e+001
  1.7800000e+001
  1.7800000e+001
  1.7800000e+001
  1.7800000e+001
  1.7800000e+001
  1.7800000e+001
  1.7800000e+001
  1.7800000e+001
  1.7800000e+001
  1.7800000e+001
  1.7800000e+001
  1.7800000e+001
  1.7800000e+001
  1.7800000e+001
  1.7800000e+001
  1.7800000e+001
  1.7800000e+001
  1.7800000e+001
  1.7800000e+001
  1.7800000e+001
  1.7800000e+001
  1.7800000e+001
  1.7800000e+001
  1.7800000e+001
  1.7800000e+001
  1.7800000e+001
  1.7800000e+001
  1.7800000e+001
  1.7800000e+001
  1.7800000e+001
  1.7800000e+001
  1.7800000e+001
  1.7800000e+001
  1.7800000e+001
  1.7800000e+001
  1.7800000e+001
  1.7800000e+001
  1.7800000e+001
  1.7800000e+001
  1.7800000e+001
  1.7800000e+001
  1.7800000e+001
  1.7800000e+001
  1.7800000e+001
  1.7800000e+001
  1.7800000e+001
  1.7800000e+001
  1.7800000e+001
  1.7800000e+001
  1.7800000e+001
  1.7800000e+001
  1.7800000e+001
  1.7800000e+001
  1.7800000e+001
  1.7800000e+001
  1.7800000e+001
  1.7800000e+001
  1.7800000e+001
  1.7800000e+001
  1.7800000e+001
  1.7800000e+001
  1.7800000e+001
  1.7800000e+001
  1.7800000e+001
  1.7800000e+001
  1.7800000e+001
  1.7800000e+001
  1.7800000e+001
  1.7800000e+001
  1.7800000e+001
  1.7800000e+001
  1.7800000e+001
  1.7800000e+001
  1.7800000e+001
  1.7800000e+001
  1.7800000e+001
  1.7800000e+001
  1.7800000e+001
  1.7800000e+001
  1.7800000e+001
  1.7800000e+001
  1.7800000e+001
  1.7800000e+001
  1.7800000e+001
  1.7800000e+001
  1.7800000e+001
  1.7800000e+001
  1.7800000e+001
  1.7800000e+001
  1.7800000e+001
  1.7800000e+001
  1.7800000e+001
  1.7800000e+001
  1.7800000e+001
  1.7800000e+001
  1.7800000e+001
  1.7800000e+001
  1.7800000e+001
  1.7800000e+001
  1.7800000e+001
  1.7800000e+001
  1.7800000e+001
  1.7800000e+001
  1.7800000e+001
  1.7800000e+001
  1.7800000e+001
  1.7800000e+001
  1.7800000e+001
  1.7800000e+001
  1.7800000e+001
  1.7800000e+001
  1.7800000e+001
  1.7800000e+001
  1.7800000e+001
  1.7800000e+001
  1.7800000e+001
  1.7800000e+001
  1.7800000e+001
  1.7800000e+001
  1.7800000e+001
  1.7800000e+001
  1.7800000e+001
  1.7800000e+001
  1.7800000e+001
  1.7800000e+001
  1.7800000e+001
  1.7800000e+001
  1.7800000e+001
  1.7800000e+001
  1.7800000e+001
  1.7800000e+001
  1.7800000e+001
  1.7800000e+001
  1.7800000e+001
  1.7800000e+001
  1.7800000e+001
  1.7800000e+001
  1.7800000e+001
  1.7800000e+001
  1.7800000e+001
  1.7800000e+001
  1.7800000e+001
  1.7800000e+001
  1.7800000e+001
  1.7800000e+001
  1.7800000e+001
  1.7800000e+001
  1.7800000e+001
  1.7800000e+001
  1.7800000e+001
  1.7800000e+001
  1.7800000e+001
  1.7800000e+001
  1.7800000e+001
  1.7800000e+001
  1.7800000e+001
  1.7800000e+001
  1.7800000e+001
  1.7800000e+001
  1.7800000e+001
  1.7800000e+001
  1.7800000e+001
  1.7800000e+001
  1.7800000e+001
  1.7800000e+001
  1.7800000e+001
  1.7800000e+001
  1.7800000e+001
  1.7800000e+001
  1.7800000e+001
  1.7800000e+001
  1.7800000e+001
  1.7800000e+001
  1.7800000e+001
  1.7800000e+001
  1.7800000e+001
  1.7800000e+001
  1.7800000e+001
  1.7800000e+001
  1.7800000e+001
  1.7800000e+001
  1.7800000e+001
  1.7800000e+001
  1.7800000e+001
  1.7800000e+001
  1.7800000e+001
  1.7800000e+001
  1.7800000e+001
  1.7800000e+001
  1.7800000e+001
  1.7800000e+001
  1.7800000e+001
  1.7800000e+001
  1.7800000e+001
  1.7800000e+001
  1.7800000e+001
  1.7800000e+001
  1.7800000e+001
  1.7800000e+001
  1.7800000e+001
  1.7800000e+001
  1.7800000e+001
  1.7800000e+001
  1.7800000e+001
  1.7800000e+001
  1.7800000e+001
  1.7800000e+001
  1.7800000e+001
  1.7800000e+001
  1.7800000e+001
  1.7800000e+001
  1.7800000e+001
  1.7800000e+001
  1.7800000e+001
  1.7800000e+001
  1.7800000e+001
  1.7800000e+001
  1.7800000e+001
  1.7800000e+001
  1.7800000e+001
  1.7800000e+001
  1.7800000e+001
  1.7800000e+001
  1.7800000e+001
  1.7800000e+001
  1.7800000e+001
  1.7800000e+001
  1.7800000e+001
  1.7800000e+001
  1.7800000e+001
  1.7800000e+001
  1.7800000e+001
  1.7800000e+001
  1.7800000e+001
  1.7800000e+001
  1.7800000e+001
  1.7800000e+001
  1.7800000e+001
  1.7800000e+001
  1.7800000e+001
  1.7800000e+001
  1.7800000e+001
  1.7800000e+001
  1.7800000e+001
  1.7800000e+001
  1.7800000e+001
  1.7800000e+001
  1.7800000e+001
  1.7800000e+001
  1.7800000e+001
  1.7800000e+001
  1.7800000e+001
  1.8000000e+001
  1.8060000e+001
  1.8091000e+001
  1.8110000e+001
  1.8090000e+001
  1.8040000e+001
  1.8094000e+001
  1.8100000e+001
  1.8070000e+001
  1.8040000e+001
  1.8070000e+001
  1.8150000e+001
  1.8150000e+001
  1.8091000e+001
  1.8110000e+001
  1.8080000e+001
  1.8113000e+001
  1.8090000e+001
  1.8130000e+001
  1.8100000e+001
  1.8110000e+001
  1.8120000e+001
  1.8111000e+001
  1.8102000e+001
  1.8070000e+001
  1.8090000e+001
  1.8056000e+001
  1.8070000e+001
  1.8100000e+001
  1.8109000e+001
  1.8140000e+001
  1.8129000e+001
  1.8200000e+001
  1.8234000e+001
  1.8206000e+001
  1.8151000e+001
  1.8161000e+001
  1.8160000e+001
  1.8170000e+001
  1.8180000e+001
  1.8170000e+001
  1.8151000e+001
  1.8161000e+001
  1.8170000e+001
  1.8170000e+001
  1.8150000e+001
  1.8136000e+001
  1.8160000e+001
  1.8150000e+001
  1.8170000e+001
  1.8180000e+001
  1.8160000e+001
  1.8180000e+001
  1.8170000e+001
  1.8180000e+001
  1.8190000e+001
  1.8230000e+001
  1.8210000e+001
  1.8210000e+001
  1.8200000e+001
  1.8250000e+001
  1.8280000e+001
  1.8250000e+001
  1.8250000e+001
  1.8260000e+001
  1.8237000e+001
  1.8300000e+001
  1.8340000e+001
  1.8310000e+001
  1.8360000e+001
  1.8360000e+001
  1.8380000e+001
  1.8390000e+001
  1.8460000e+001
  1.8421000e+001
  1.8460000e+001
  1.8460000e+001
  1.8470000e+001
  1.8460000e+001
  1.8460000e+001
  1.8430000e+001
  1.8420000e+001
  1.8430000e+001
  1.8460000e+001
  1.8430000e+001
  1.8440000e+001
  1.8451000e+001
  1.8450000e+001
  1.8460000e+001
  1.8450000e+001
  1.8490000e+001
  1.8489000e+001
  1.8480000e+001
  1.8480000e+001
  1.8470000e+001
  1.8480000e+001
  1.8480000e+001
  1.8480000e+001
  1.8471000e+001
  1.8471000e+001
  1.8470000e+001
  1.8471000e+001
  1.8470000e+001
  1.8470000e+001
  1.8480000e+001
  1.8480000e+001
  1.8480000e+001
  1.8470000e+001
  1.8480000e+001
  1.8420000e+001
  1.8381000e+001
  1.8401000e+001
  1.8404000e+001
  1.8401000e+001
  1.8409000e+001
  1.8420000e+001
  1.8400000e+001
  1.8410000e+001
  1.8410000e+001
  1.8390000e+001
  1.8380000e+001
  1.8400000e+001
  1.8390000e+001
  1.8381000e+001
  1.8390000e+001
  1.8368000e+001
  1.8360000e+001
  1.8360000e+001
  1.8380000e+001
  1.8390000e+001
  1.8371000e+001
  1.8379000e+001
  1.8340000e+001
  1.8370000e+001
  1.8330000e+001
  1.8320000e+001
  1.8362000e+001
  1.8371000e+001
  1.8350000e+001
  1.8370000e+001
  1.8340000e+001
  1.8370000e+001
  1.8351000e+001
  1.8390000e+001
  1.8381000e+001
  1.8429000e+001
  1.8410000e+001
  1.8430000e+001
  1.8440000e+001
  1.8440000e+001
  1.8410000e+001
  1.8360000e+001
  1.8360000e+001
  1.8351000e+001
  1.8340000e+001
  1.8379000e+001
  1.8380000e+001
  1.8390000e+001
  1.8380000e+001
  1.8380000e+001
  1.8380000e+001
  1.8360000e+001
  1.8340000e+001
  1.8351000e+001
  1.8350000e+001
  1.8350000e+001
  1.8360000e+001
  1.8360000e+001
  1.8341000e+001
  1.8340000e+001
  1.8350000e+001
  1.8354000e+001
  1.8370000e+001
  1.8370000e+001
  1.8370000e+001
  1.8351000e+001
  1.8340000e+001
  1.8344000e+001
  1.8340000e+001
  1.8310000e+001
  1.8320000e+001
  1.8320000e+001
  1.8320000e+001
  1.8311000e+001
  1.8290000e+001
  1.8270000e+001
  1.8290000e+001
  1.8280000e+001
  1.8300000e+001
  1.8310000e+001
  1.8320000e+001
  1.8310000e+001
  1.8300000e+001
  1.8320000e+001
  1.8330000e+001
  1.8300000e+001
  1.8340000e+001
  1.8370000e+001
  1.8390000e+001
  1.8390000e+001
  1.8400000e+001
  1.8380000e+001
  1.8372000e+001
  1.8350000e+001
  1.8350000e+001
  1.8360000e+001
  1.8350000e+001
  1.8410000e+001
  1.8400000e+001
  1.8400000e+001
  1.8399000e+001
  1.8390000e+001
  1.8410000e+001
  1.8400000e+001
  1.8409000e+001
  1.8410000e+001
  1.8420000e+001
  1.8400000e+001
  1.8400000e+001
  1.8420000e+001
  1.8420000e+001
  1.8440000e+001
  1.8419000e+001
  1.8390000e+001
  1.8400000e+001
  1.8390000e+001
  1.8390000e+001
  1.8430000e+001
  1.8380000e+001
  1.8370000e+001
  1.8370000e+001
  1.8360000e+001
  1.8370000e+001
  1.8370000e+001
  1.8390000e+001
  1.8390000e+001
  1.8392000e+001
  1.8370000e+001
  1.8360000e+001
  1.8341000e+001
  1.8340000e+001
  1.8321000e+001
  1.8320000e+001
  1.8321000e+001
  1.8320000e+001
  1.8290000e+001
  1.8290000e+001
  1.8260000e+001
  1.8230000e+001
  1.8240000e+001
  1.8250000e+001
  1.8251000e+001
  1.8260000e+001
  1.8270000e+001
  1.8260000e+001
  1.8240000e+001
  1.8234000e+001
  1.8218000e+001
  1.8220000e+001
  1.8220000e+001
  1.8230000e+001
  1.8240000e+001
  1.8230000e+001
  1.8260000e+001
  1.8270000e+001
  1.8320000e+001
  1.8300000e+001
  1.8310000e+001
  1.8310000e+001
  1.8300000e+001
  1.8310000e+001
  1.8270000e+001
  1.8249000e+001
  1.8234000e+001
  1.8229000e+001
  1.8120000e+001
  1.8120000e+001
  1.8110000e+001
  1.8121000e+001
  1.8130000e+001
  1.8139000e+001
  1.8160000e+001
  1.8140000e+001
  1.8130000e+001
  1.8130000e+001
  1.8180000e+001
  1.8170000e+001
  1.8170000e+001
  1.8150000e+001
  1.8170000e+001
  1.8170000e+001
  1.8180000e+001
  1.8210000e+001
  1.8220000e+001
  1.8201000e+001
  1.8190000e+001
  1.8200000e+001
  1.8200000e+001
  1.8210000e+001
  1.8250000e+001
  1.8260000e+001
  1.8189000e+001
  1.8182000e+001
  1.8200000e+001
  1.8199000e+001
  1.8160000e+001
  1.8170000e+001
  1.8171000e+001
  1.8180000e+001
  1.8190000e+001
  1.8190000e+001
  1.8200000e+001
  1.8190000e+001
  1.8200000e+001
  1.8181000e+001
  1.8198000e+001
  1.8200000e+001
  1.8197000e+001
  1.8120000e+001
  1.8080000e+001
  1.8061000e+001
  1.8080000e+001
  1.8100000e+001
  1.8080000e+001
  1.8090000e+001
  1.8090000e+001
  1.8100000e+001
  1.8110000e+001
  1.8100000e+001
  1.8116000e+001
  1.8080000e+001
  1.8090000e+001
  1.8060000e+001
  1.8070000e+001
  1.8100000e+001
  1.8130000e+001
  1.8100000e+001
  1.8080000e+001
  1.8090000e+001
  1.8115000e+001
  1.8120000e+001
  1.8140000e+001
  1.8090000e+001
  1.8100000e+001
  1.8130000e+001
  1.8140000e+001
  1.8120000e+001
  1.8170000e+001
  1.8161000e+001
  1.8160000e+001
  1.8140000e+001
  1.8150000e+001
  1.8200000e+001
  1.8240000e+001
  1.8221000e+001
  1.8205000e+001
  1.8200000e+001
  1.8190000e+001
  1.8210000e+001
  1.8211000e+001
  1.8220000e+001
  1.8230000e+001
  1.8230000e+001
  1.8201000e+001
  1.8201000e+001
  1.8200000e+001
  1.8210000e+001
  1.8201000e+001
  1.8171000e+001
  1.8190000e+001
  1.8209000e+001
  1.8200000e+001
  1.8230000e+001
  1.8270000e+001
  1.8240000e+001
  1.8260000e+001
  1.8270000e+001
  1.8250000e+001
  1.8240000e+001
  1.8200000e+001
  1.8209000e+001
  1.8200000e+001
  1.8161000e+001
  1.8170000e+001
  1.8170000e+001
  1.8140000e+001
  1.8159000e+001
  1.8160000e+001
  1.8160000e+001
  1.8200000e+001
  1.8300000e+001
  1.8200000e+001
  1.8250000e+001
  1.8200000e+001
  1.8180000e+001
  1.8150000e+001
  1.8150000e+001
  1.8170000e+001
  1.8210000e+001
  1.8230000e+001
  1.8320000e+001
  1.8360000e+001
  1.8330000e+001
  1.8340000e+001
  1.8400000e+001
  1.8431000e+001
  1.8440000e+001
  1.8431000e+001
  1.8400000e+001
  1.8391000e+001
  1.8410000e+001
  1.8411000e+001
  1.8420000e+001
  1.8420000e+001
  1.8439000e+001
  1.8460000e+001
  1.8430000e+001
  1.8420000e+001
  1.8450000e+001
  1.8450000e+001
  1.8400000e+001
  1.8409000e+001
  1.8430000e+001
  1.8400000e+001
  1.8410000e+001
  1.8410000e+001
  1.8430000e+001
  1.8410000e+001
  1.8400000e+001
  1.8340000e+001
  1.8331000e+001
  1.8329000e+001
  1.8320000e+001
  1.8301000e+001
  1.8300000e+001
  1.8300000e+001
  1.8330000e+001
  1.8330000e+001
  1.8280000e+001
  1.8290000e+001
  1.8260000e+001
  1.8220000e+001
  1.8211000e+001
  1.8200000e+001
  1.8240000e+001
  1.8224000e+001
  1.8250000e+001
  1.8230000e+001
  1.8269000e+001
  1.8290000e+001
  1.8300000e+001
  1.8300000e+001
  1.8300000e+001
  1.8309000e+001
  1.8321000e+001
  1.8330000e+001
  1.8340000e+001
  1.8350000e+001
  1.8370000e+001
  1.8361000e+001
  1.8360000e+001
  1.8340000e+001
  1.8330000e+001
  1.8310000e+001
  1.8301000e+001
  1.8320000e+001
  1.8350000e+001
  1.8330000e+001
  1.8330000e+001
  1.8360000e+001
  1.8370000e+001
  1.8342000e+001
  1.8333000e+001
  1.8350000e+001
  1.8340000e+001
  1.8350000e+001
  1.8320000e+001
  1.8320000e+001
  1.8320000e+001
  1.8318000e+001
  1.8311000e+001
  1.8300000e+001
  1.8300000e+001
  1.8300000e+001
  1.8300000e+001
  1.8335000e+001
  1.8350000e+001
  1.8350000e+001
  1.8350000e+001
  1.8370000e+001
  1.8380000e+001
  1.8370000e+001
  1.8370000e+001
  1.8360000e+001
  1.8360000e+001
  1.8370000e+001
  1.8360000e+001
  1.8361000e+001
  1.8361000e+001
  1.8370000e+001
  1.8350000e+001
  1.8341000e+001
  1.8360000e+001
  1.8360000e+001
  1.8380000e+001
  1.8420000e+001
  1.8380000e+001
  1.8410000e+001
  1.8370000e+001
  1.8360000e+001
  1.8370000e+001
  1.8370000e+001
  1.8370000e+001
  1.8362000e+001
  1.8380000e+001
  1.8370000e+001
  1.8390000e+001
  1.8410000e+001
  1.8420000e+001
  1.8459000e+001
  1.8470000e+001
  1.8450000e+001
  1.8480000e+001
  1.8480000e+001
  1.8400000e+001
  1.8460000e+001
  1.8470000e+001
  1.8470000e+001
  1.8460000e+001
  1.8460000e+001
  1.8450000e+001
  1.8490000e+001
  1.8470000e+001
  1.8470000e+001
  1.8450000e+001
  1.8470000e+001
  1.8480000e+001
  1.8460000e+001
  1.8470000e+001
  1.8462000e+001
  1.8470000e+001
  1.8460000e+001
  1.8470000e+001
  1.8461000e+001
  1.8470000e+001
  1.8460000e+001
  1.8470000e+001
  1.8470000e+001
  1.8390000e+001
  1.8500000e+001
  1.8490000e+001
  1.8490000e+001
  1.8460000e+001
  1.8460000e+001
  1.8470000e+001
  1.8460000e+001
  1.8460000e+001
  1.8480000e+001
  1.8477000e+001
  1.8480000e+001
  1.8470000e+001
  1.8470000e+001
  1.8480000e+001
  1.8462000e+001
  1.8480000e+001
  1.8450000e+001
  1.8460000e+001
  1.8440000e+001
  1.8445000e+001
  1.8450000e+001
  1.8441000e+001
  1.8440000e+001
  1.8430000e+001
  1.8479000e+001
  1.8465000e+001
  1.8480000e+001
  1.8460000e+001
  1.8470000e+001
  1.8451000e+001
  1.8460000e+001
  1.8470000e+001
  1.8470000e+001
  1.8460000e+001
  1.8460000e+001
  1.8470000e+001
  1.8460000e+001
  1.8482000e+001
  1.8470000e+001
  1.8480000e+001
  1.8470000e+001
  1.8489000e+001
  1.8500000e+001
  1.8500000e+001
  1.8590000e+001
  1.8580000e+001
  1.8560000e+001
  1.8560000e+001
  1.8560000e+001
  1.8560000e+001
  1.8530000e+001
  1.8555000e+001
  1.8520000e+001
  1.8540000e+001
  1.8530000e+001
  1.8520000e+001
  1.8510000e+001
  1.8440000e+001
  1.8454000e+001
  1.8450000e+001
  1.8430000e+001
  1.8450000e+001
  1.8460000e+001
  1.8430000e+001
  1.8460000e+001
  1.8440000e+001
  1.8410000e+001
  1.8411000e+001
  1.8410000e+001
  1.8410000e+001
  1.8400000e+001
  1.8390000e+001
  1.8324000e+001
  1.8330000e+001
  1.8334000e+001
  1.8350000e+001
  1.8340000e+001
  1.8340000e+001
  1.8330000e+001
  1.8350000e+001
  1.8350000e+001
  1.8339000e+001
  1.8322000e+001
  1.8320000e+001
  1.8328000e+001
  1.8320000e+001
  1.8322000e+001
  1.8320000e+001
  1.8330000e+001
  1.8330000e+001
  1.8330000e+001
  1.8330000e+001
  1.8331000e+001
  1.8350000e+001
  1.8339000e+001
  1.8339000e+001
  1.8330000e+001
  1.8320000e+001
  1.8301000e+001
  1.8359000e+001
  1.8360000e+001
  1.8341000e+001
  1.8340000e+001
  1.8350000e+001
  1.8350000e+001
  1.8400000e+001
  1.8380000e+001
  1.8370000e+001
  1.8361000e+001
  1.8380000e+001
  1.8370000e+001
  1.8370000e+001
  1.8380000e+001
  1.8380000e+001
  1.8380000e+001
  1.8350000e+001
  1.8390000e+001
  1.8382000e+001
  1.8390000e+001
  1.8380000e+001
  1.8390000e+001
  1.8381000e+001
  1.8389000e+001
  1.8380000e+001
  1.8400000e+001
  1.8391000e+001
  1.8390000e+001
  1.8379000e+001
  1.8381000e+001
  1.8398000e+001
  1.8400000e+001
  1.8400000e+001
  1.8391000e+001
  1.8400000e+001
  1.8390000e+001
  1.8370000e+001
  1.8350000e+001
  1.8340000e+001
  1.8360000e+001
  1.8352000e+001
  1.8360000e+001
  1.8310000e+001
  1.8320000e+001
  1.8330000e+001
  1.8340000e+001
  1.8334000e+001
  1.8331000e+001
  1.8342000e+001
  1.8330000e+001
  1.8330000e+001
  1.8320000e+001
  1.8320000e+001
  1.8320000e+001
  1.8312000e+001
  1.8262000e+001
  1.8284000e+001
  1.8288000e+001
  1.8270000e+001
  1.8280000e+001
  1.8283000e+001
  1.8290000e+001
  1.8290000e+001
  1.8300000e+001
  1.8310000e+001
  1.8310000e+001
  1.8320000e+001
  1.8310000e+001
  1.8302000e+001
  1.8290000e+001
  1.8300000e+001
  1.8291000e+001
  1.8290000e+001
  1.8300000e+001
  1.8271000e+001
  1.8270000e+001
  1.8270000e+001
  1.8270000e+001
  1.8270000e+001
  1.8290000e+001
  1.8290000e+001
  1.8329000e+001
  1.8310000e+001
  1.8310000e+001
  1.8311000e+001
  1.8330000e+001
  1.8330000e+001
  1.8352000e+001
  1.8350000e+001
  1.8340000e+001
  1.8330000e+001
  1.8321000e+001
  1.8330000e+001
  1.8340000e+001
  1.8331000e+001
  1.8340000e+001
  1.8331000e+001
  1.8331000e+001
  1.8311000e+001
  1.8312000e+001
  1.8310000e+001
  1.8310000e+001
  1.8319000e+001
  1.8320000e+001
  1.8320000e+001
  1.8340000e+001
  1.8320000e+001
  1.8320000e+001
  1.8320000e+001
  1.8340000e+001
  1.8330000e+001
  1.8330000e+001
  1.8329000e+001
  1.8320000e+001
  1.8321000e+001
  1.8339000e+001
  1.8335000e+001
  1.8330000e+001
  1.8310000e+001
  1.8311000e+001
  1.8291000e+001
  1.8299000e+001
  1.8280000e+001
  1.8280000e+001
  1.8260000e+001
  1.8210000e+001
  1.8220000e+001
  1.8170000e+001
  1.8210000e+001
  1.8220000e+001
  1.8220000e+001
  1.8190000e+001
  1.8160000e+001
  1.8530000e+001
  1.8370000e+001
  1.8380000e+001
  1.8350000e+001
  1.8330000e+001
  1.8340000e+001
  1.8390000e+001
  1.8520000e+001
  1.8450000e+001
  1.8427000e+001
  1.8450000e+001
  1.8480000e+001
  1.8460000e+001
  1.8412000e+001
  1.8400000e+001
  1.8419000e+001
  1.8401000e+001
  1.8400000e+001
  1.8440000e+001
  1.8410000e+001
  1.8419000e+001
  1.8460000e+001
  1.8406000e+001
  1.8370000e+001
  1.8350000e+001
  1.8304000e+001
  1.8330000e+001
  1.8370000e+001
  1.8350000e+001
  1.8340000e+001
  1.8370000e+001
  1.8390000e+001
  1.8408000e+001
  1.8361000e+001
  1.8308000e+001
  1.8260000e+001
  1.8264000e+001
  1.8270000e+001
  1.8270000e+001
  1.8270000e+001
  1.8270000e+001
  1.8220000e+001
  1.8240000e+001
  1.8230000e+001
  1.8220000e+001
  1.8210000e+001
  1.8220000e+001
  1.8210000e+001
  1.8210000e+001
  1.8200000e+001
  1.8219000e+001
  1.8200000e+001
  1.8230000e+001
  1.8240000e+001
  1.8230000e+001
  1.8240000e+001
  1.8220000e+001
  1.8191000e+001
  1.8150000e+001
  1.8159000e+001
  1.8149000e+001
  1.8150000e+001
  1.8140000e+001
  1.8140000e+001
  1.8160000e+001
  1.8120000e+001
  1.8110000e+001
  1.8079000e+001
  1.8060000e+001
  1.8041000e+001
  1.8020000e+001
  1.8030000e+001
  1.8001000e+001
  1.8040000e+001
  1.8030000e+001
  1.8010000e+001
  1.7981000e+001
  1.7950000e+001
  1.7960000e+001
  1.7960000e+001
  1.7930000e+001
  1.7910000e+001
  1.7870000e+001
  1.7929000e+001
  1.7950000e+001
  1.7961000e+001
  1.8010000e+001
  1.7986000e+001
  1.7970000e+001
  1.7970000e+001
  1.7960000e+001
  1.7960000e+001
  1.7960000e+001
  1.7979000e+001
  1.8000000e+001
  1.7989000e+001
  1.8000000e+001
  1.8060000e+001
  1.7989000e+001
  1.7990000e+001
  1.8038000e+001
  1.8030000e+001
  1.8020000e+001
  1.8059000e+001
  1.8070000e+001
  1.8090000e+001
  1.8080000e+001
  1.8110000e+001
  1.8110000e+001
  1.8140000e+001
  1.8090000e+001
  1.8060000e+001
  1.8020000e+001
  1.8040000e+001
  1.8028000e+001
  1.8030000e+001
  1.8000000e+001
  1.8011000e+001
  1.8009000e+001
  1.8000000e+001
  1.8000000e+001
  1.8000000e+001
  1.7995000e+001
  1.8000000e+001
  1.8000000e+001
  1.7990000e+001
  1.8000000e+001
  1.7998000e+001
  1.7999000e+001
  1.8040000e+001
  1.8000000e+001
  1.8010000e+001
  1.8000000e+001
  1.8000000e+001
  1.8010000e+001
  1.8020000e+001
  1.8020000e+001
  1.7990000e+001
  1.8000000e+001
  1.8000000e+001
  1.7980000e+001
  1.7980000e+001
  1.7980000e+001
  1.7990000e+001
  1.7970000e+001
  1.7970000e+001
  1.7979000e+001
  1.7990000e+001
  1.7990000e+001
  1.7990000e+001
  1.7990000e+001
  1.7949000e+001
  1.7920000e+001
  1.7910000e+001
  1.7916000e+001
  1.7901000e+001
  1.7900000e+001
  1.7910000e+001
  1.7882000e+001
  1.7880000e+001
  1.7881000e+001
  1.7879000e+001
  1.7865000e+001
  1.7879000e+001
  1.7890000e+001
  1.7910000e+001
  1.7920000e+001
  1.7900000e+001
  1.7900000e+001
  1.7890000e+001
  1.7875000e+001
  1.7840000e+001
  1.7830000e+001
  1.7850000e+001
  1.7840000e+001
  1.7816000e+001
  1.7810000e+001
  1.7860000e+001
  1.7840000e+001
  1.7840000e+001
  1.7870000e+001
  1.7890000e+001
  1.7892000e+001
  1.7886000e+001
  1.7890000e+001
  1.7870000e+001
  1.7840000e+001
  1.7851000e+001
  1.7861000e+001
  1.7854000e+001
  1.7820000e+001
  1.7790000e+001
  1.7800000e+001
  1.7770000e+001
  1.7840000e+001
  1.7800000e+001
  1.7801000e+001
  1.7800000e+001
  1.7790000e+001
  1.7790000e+001
  1.7750000e+001
  1.7740000e+001
  1.7730000e+001
  1.7734000e+001
  1.7735000e+001
  1.7750000e+001
  1.7730000e+001
  1.7720000e+001
  1.7730000e+001
  1.7720000e+001
  1.7710000e+001
  1.7709000e+001
  1.7690000e+001
  1.7690000e+001
  1.7670000e+001
  1.7650000e+001
  1.7631000e+001
  1.7610000e+001
  1.7620000e+001
  1.7609000e+001
  1.7630000e+001
  1.7605000e+001
  1.7610000e+001
  1.7650000e+001
  1.7640000e+001
  1.7650000e+001
  1.7660000e+001
  1.7670000e+001
  1.7680000e+001
  1.7600000e+001
  1.7671000e+001
  1.7689000e+001
  1.7691000e+001
  1.7719000e+001
  1.7700000e+001
  1.7690000e+001
  1.7680000e+001
  1.7670000e+001
  1.7670000e+001
  1.7671000e+001
  1.7670000e+001
  1.7690000e+001
  1.7689000e+001
  1.7680000e+001
  1.7720000e+001
  1.7711000e+001
  1.7718000e+001
  1.7750000e+001
  1.7740000e+001
  1.7730000e+001
  1.7791000e+001
  1.7770000e+001
  1.7760000e+001
  1.7740000e+001
  1.7730000e+001
  1.7740000e+001
  1.7730000e+001
  1.7740000e+001
  1.7710000e+001
  1.7710000e+001
  1.7710000e+001
  1.7740000e+001
  1.7760000e+001
  1.7735000e+001
  1.7740000e+001
  1.7710000e+001
  1.7740000e+001
  1.7740000e+001
  1.7740000e+001
  1.7714000e+001
  1.7740000e+001
  1.7703000e+001
  1.7680000e+001
  1.7690000e+001
  1.7700000e+001
  1.7690000e+001
  1.7690000e+001
  1.7694000e+001
  1.7680000e+001
  1.7650000e+001
  1.7650000e+001
  1.7600000e+001
  1.7580000e+001
  1.7570000e+001
  1.7580000e+001
  1.7650000e+001
  1.7610000e+001
  1.7610000e+001
  1.7630000e+001
  1.7650000e+001
  1.7630000e+001
  1.7650000e+001
  1.7650000e+001
  1.7670000e+001
  1.7679000e+001
  1.7660000e+001
  1.7670000e+001
  1.7690000e+001
  1.7670000e+001
  1.7690000e+001
  1.7680000e+001
  1.7690000e+001
  1.7690000e+001
  1.7700000e+001
  1.7690000e+001
  1.7710000e+001
  1.7690000e+001
  1.7680000e+001
  1.7690000e+001
  1.7710000e+001
  1.7728000e+001
  1.7760000e+001
  1.7760000e+001
  1.7780000e+001
  1.7760000e+001
  1.7730000e+001
  1.7720000e+001
  1.7710000e+001
  1.7740000e+001
  1.7740000e+001
  1.7750000e+001
  1.7756000e+001
  1.7760000e+001
  1.7760000e+001
  1.7750000e+001
  1.7760000e+001
  1.7730000e+001
  1.7739000e+001
  1.7750000e+001
  1.7770000e+001
  1.7830000e+001
  1.7860000e+001
  1.7847000e+001
  1.7850000e+001
  1.7831000e+001
  1.7875000e+001
  1.7990000e+001
  1.7930000e+001
  1.7910000e+001
  1.7920000e+001
  1.7870000e+001
  1.7870000e+001
  1.7830000e+001
  1.7860000e+001
  1.7890000e+001
  1.7949000e+001
  1.7900000e+001
  1.7890000e+001
  1.7950000e+001
  1.7879000e+001
  1.7889000e+001
  1.7880000e+001
  1.7880000e+001
  1.7890000e+001
  1.7920000e+001
  1.7920000e+001
  1.7951000e+001
  1.7950000e+001
  1.8000000e+001
  1.8009000e+001
  1.7960000e+001
  1.7980000e+001
  1.7960000e+001
  1.7930000e+001
  1.7930000e+001
  1.7910000e+001
  1.7960000e+001
  1.7930000e+001
  1.7941000e+001
  1.7930000e+001
  1.7900000e+001
  1.7870000e+001
  1.7851000e+001
  1.7850000e+001
  1.7860000e+001
  1.7860000e+001
  1.7840000e+001
  1.7830000e+001
  1.7850000e+001
  1.7860000e+001
  1.7870000e+001
  1.7920000e+001
  1.7910000e+001
  1.7950000e+001
  1.7950000e+001
  1.8000000e+001
  1.8010000e+001
  1.8060000e+001
  1.8050000e+001
  1.8100000e+001
  1.8190000e+001
  1.8240000e+001
  1.8231000e+001
  1.8250000e+001
  1.8265000e+001
  1.8210000e+001
  1.8220000e+001
  1.8160000e+001
  1.8190000e+001
  1.8160000e+001
  1.8210000e+001
  1.8210000e+001
  1.8200000e+001
  1.8220000e+001
  1.8190000e+001
  1.8185000e+001
  1.8200000e+001
  1.8190000e+001
  1.8171000e+001
  1.8190000e+001
  1.8210000e+001
  1.8190000e+001
  1.8151000e+001
  1.8144000e+001
  1.8190000e+001
  1.8230000e+001
  1.8200000e+001
  1.8190000e+001
  1.8200000e+001
  1.8150000e+001
  1.8150000e+001
  1.8150000e+001
  1.8155000e+001
  1.8140000e+001
  1.8140000e+001
  1.8150000e+001
  1.8159000e+001
  1.8151000e+001
  1.8191000e+001
  1.8180000e+001
  1.8212000e+001
  1.8220000e+001
  1.8210000e+001
  1.8250000e+001
  1.8230000e+001
  1.8270000e+001
  1.8290000e+001
  1.8280000e+001
  1.8300000e+001
  1.8310000e+001
  1.8330000e+001
  1.8300000e+001
  1.8290000e+001
  1.8300000e+001
  1.8290000e+001
  1.8290000e+001
  1.8300000e+001
  1.8290000e+001
  1.8280000e+001
  1.8280000e+001
  1.8310000e+001
  1.8308000e+001
  1.8350000e+001
  1.8401000e+001
  1.8400000e+001
  1.8400000e+001
  1.8446000e+001
  1.8431000e+001
  1.8430000e+001
  1.8435000e+001
  1.8470000e+001
  1.8540000e+001
  1.8540000e+001
  1.8530000e+001
  1.8540000e+001
  1.8610000e+001
  1.8660000e+001
  1.8670000e+001
  1.8720000e+001
  1.8730000e+001
  1.8820000e+001
  1.8870000e+001
  1.8754000e+001
  1.8640000e+001
  1.8620000e+001
  1.8620000e+001
  1.8620000e+001
  1.8590000e+001
  1.8561000e+001
  1.8580000e+001
  1.8541000e+001
  1.8570000e+001
  1.8610000e+001
  1.8640000e+001
  1.8540000e+001
  1.8520000e+001
  1.8540000e+001
  1.8550000e+001
  1.8559000e+001
  1.8520000e+001
  1.8511000e+001
  1.8538000e+001
  1.8540000e+001
  1.8530000e+001
  1.8470000e+001
  1.8490000e+001
  1.8550000e+001
  1.8547000e+001
  1.8500000e+001
  1.8450000e+001
