-1
568.19010903042
587.307415243499
600.054997479398
614.623461966756
622.78407172952
624.89999199872
624.071310027949
621.803827585518
618.496564258849
614.236924972766
609.923765728144
605.778012146364
602.301419556687
599.959165277104
598.22320249218
596.905352631387
596.221435374476
595.880021480835
595.62488195172
595.463684870874
595.304963863061
595.097471007901
594.882341307926
594.694038981391
594.482127569871
594.252471597721
594.427455624318
595.078986353913
595.935399183502
597.864533151114
601.60618347886
608.300090415906
620.809954817092
640.326479227589
668.249953236063
691.026048713071
705.144666008331
720.537299520296
736.012228159288
752.934924146835
769.655767210251
782.694065392092
795.289255554229
805.518466579134
812.837007031545
816.853107969848
818.931010525307
819.268576231263
818.594527223338
817.773195941271
816.91676442585
815.7530263505
814.513351640107
813.672538555898
813.119917355368
812.962483759245
812.952643147189
812.952643147189
812.974784356809
813.060883329164
813.159270991852
813.242276323606
813.330806007002
813.355395875628
813.359699026206
813.375067235282
813.370764166011
813.395352826656
813.698347054976
814.140651239084
814.779111170629
815.689892054572
816.645577959007
817.913198328527
820.851387280304
825.228453217653
829.471518498375
834.210405113722
839.353322504891
844.607601197148
850.294654810907
855.395230288315
859.096036540735
861.731976893048
863.833896070304
865.885673746829
867.08534758696
867.527521177282
867.527521177282
867.204704784286
866.962513607134
866.796400546287
866.657948674101
866.636602042632
866.753713577277
866.772173065102
866.746214298049
866.718524089569
866.697755852639
866.671794856623
866.665448717093
866.657948674101
866.631986485613
866.609485293116
866.590445366206
866.578905812967
866.578905812967
866.567366106063
866.555826245488
866.532746063298
866.484275679599
866.3550080654
866.254004319749
866.309413546915
867.18625450361
869.978735372308
875.490148431152
884.157225837125
896.552285145713
910.472954018954
922.453250847977
931.052630091339
938.341089369958
943.830493256072
945.730934251386
942.736442490689
936.029914051896
927.857747717828
919.169190084176
910.498215264588
896.727940905155
881.794193675599
870.142517062579
861.856716629858
856.969661073249
855.086545327431
854.11767339167
853.6796823165
853.334635415673
852.97772538326
852.676961105435
852.402487091632
852.143767213021
851.974178012456
851.937204258624
851.932509063952
851.927226939015
851.921944781328
851.917249502556
851.917249502556
851.914314940182
851.784597184053
851.550350830766
850.98648637919
850.000588235091
848.967608333793
847.694520449436
845.837454833965
842.482640770716
837.108117270404
828.756900423761
818.524281863403
806.027915149345
790.69842544424
770.485561188527
753.911798554712
740.847487678807
731.704175196507
729.980136716062
733.171194196826
738.698856097666
747.21482854665
756.260537116674
764.165557978112
770.394704031641
774.513395623342
777.121612104566
779.126433898889
781.042252378192
782.423798206573
783.330070915192
783.99362242304
784.177275875806
784.161973064239
784.139655928713
784.132004193172
784.086092211818
783.858405581008
783.521537674619
782.7394202415
781.767228783607
780.52802640264
774.282248279011
761.526099355761
744.096095944603
722.245803033842
696.313866011585
661.127067968027
626.009584591163
590.457449779406
563.624875249487
546.985374575957
536.023320388209
529.256081684472
525.635805477519
524.248986646612
523.142428025103
519.917301116245
519.129078361057
521.838097497682
522.860402019507
523.754713582608
525.139029210361
526.930735486174
528.628413916619
530.199962278384
531.556205871025
532.218000447185
532.957784444509
533.236345347914
533.809891253431
534.14698351671
534.245262028593
534.200336952346
534.275209980774
534.499766136525
534.803702305809
535.098121843088
535.027102117267
534.648482650049
533.243846659293
529.631003624221
523.245640211173
511.978515174221
494.417839483973
471.773250619405
447.643831634035
425.870872448445
404.80983189641
386.335346557884
371.255976382873
359.952774680235
353.312892490495
350.072849561345
347.916656686627
346.174811330923
345.511215447487
345.437403880935
345.508321173311
345.160832076874
344.11625942405
342.601809685822
340.982404238107
339.453973315971
338.604489042895
338.409515232654
338.303118519472
338.277992189856
338.39621747295
339.098805659943
340.756511309762
344.120618388378
349.38088098807
354.918300458007
361.948891419769
369.241113637146
376.130296572876
382.751877853003
387.393856430378
390.223013160423
393.14373961695
396.309222703686
398.794433261047
400.651968671065
401.733742670441
401.733742670441
399.893735884922
395.026581384089
387.312535299337
378.565714242587
369.611958680993
357.905015332281
337.548515031543
319.818698640339
306.024508822414
297.460921803184
292.895885939014
290.027584894954
286.986062379343
285.99650347513
285.928312693934
286.485601732443
288.480501940772
291.8167233042
298.122458060442
306.687136997951
312.333155460639
313.091041072721
313.213984362129
313.285811999203
313.373578975637
313.426227364591
313.529902880092
313.733963733607
314.116220529918
315.336328386058
316.940057424113
316.951100329373
316.951100329373
316.93847983481
316.936902237654
316.932169399069
316.927436489806
316.932169399069
316.944790144908
317.020504068743
317.373596885437
318.128904691164
318.392839115455
318.658124013809
319.635730167952
321.50738716241
324.379407484507
327.449232706385
329.596723284683
330.759731527283
330.891220796201
328.464609965823
323.881151041551
315.015872615968
305.898676035056
296.030403843929
285.725392641256
277.124520748345
270.403402345459
265.627558811205
262.623304373393
261.51672986637
260.904196976591
260.259485898209
259.976922052708
259.401233613104
258.998069490875
258.998069490875
259.021234650752
259.090717703279
259.138958861843
259.206481400446
259.229627936314
259.25855820011
259.264343865484
259.266272391918
259.266272391918
259.272057885149
259.273986354204
259.28170008699
259.310624541302
259.43207203428
260.447691485258
262.055337667448
264
267.477101823689
273.073250246156
281.410731849374
291.101356918857
300.606054496579
310.535022179464
320.024999023514
328.019816474554
329.614926846464
324.473419558521
316.821716427394
308.588723060322
300.218253942028
293.940470163603
290.621747293626
294.008503278392
301.273961702634
309.912890987129
310.21121836581
306.049015682129
302.828334209334
300.933547481832
300.476288581978
300.34313709489
300.323159280133
300.323159280133
300.308175046901
300.28819490616
300.208261045562
300.328153858409
300.527868923998
300.446334642312
300.381424192642
300.46131198542
300.561141866343
300.660938600278
300.788962563456
300.868742145142
300.976743287584
300.976743287584
300.921916782411
300.867080286295
300.827192919789
300.772339153719
294.994915210415
287.28731263319
280.074989958047
273.045783706689
267.654628205828
263.520397692475
260.005769166763
257.549995146573
255.458411488054
253.454137863243
251.433887930804
249.52354598314
248.801125399384
248.69057079029
248.594046590018
248.634269560735
248.754899449237
248.797106092495
248.57996701263
248.308276140768
247.921358499021
247.430798406342
247.066792588563
246.68400839941
246.024389034908
244.172070474901
237.739353073907
231.266080521982
225.199911190036
219.15063312708
214.483099567309
209.92141386719
207.90863377936
207.436737344184
207.318595403307
207.282416041496
207.263117799574
207.176253465497
207.057962899281
206.939604715965
206.821178799464
206.702685033359
206.59380436015
206.535711197846
205.80573364219
198.866789585391
194.162303241386
190.798322843782
187.933498876597
185.232286602525
182.545884642739
180.230408089201
179.627392120467
180.205438319713
182.849665025671
190.281370606794
202.686950739311
219.198540141124
237.261459154242
246.458921526489
252.477721789468
258.60587773676
264.274478525642
267.237721888209
268
268.328157299975
269.42345851837
270.950179922435
272.246212094861
273.864930211957
275.457800760842
276.870005598295
277.677870922405
277.54098796394
276.110485132311
274.025546254359
271.783001675969
269.549624373695
267.413537428456
265.399698568028
263.613353227791
263.216640811329
263.229937507116
263.191945165501
262.606169005985
261.627597932634
259.158252810903
255.734237050888
252.81416099578
251.447807705695
250.533430902944
245.525966040254
243.421445234392
242.705582960096
242.977365200959
244.288763556575
245.464865102931
248.57996701263
253.442301125917
249.475449693953
255.845656597879
269.655335567461
282.964662104652
291.297099195993
302.795310399616
319.161401175017
329.61947757983
332.82578025147
335.936005810631
338.391784770257
340.711021248213
343.027695674854
344.898535804373
346.400057736716
347.083563425294
347.695268877792
347.915219557869
347.905159490342
347.895099131908
347.882163957855
347.882163957855
347.872102934397
347.824668475368
347.703897015837
347.070598005651
345.314349542558
343.339482145587
334.705841000721
327.955789703429
322.970586896083
319.960935115523
318.982758154732
318.793036310394
318.7883310286
318.185480498404
316.59911560205
315.307786139194
315.645370629762
317.044160961845
318.636156140511
320.869132201899
322.459299757349
323.349655945387
323.84873011948
324.010802289059
323.827114368146
323.579974658507
323.760714108429
324.219061746838
324.624398343686
324.659821967548
324.775306943123
324.899984610649
325.190713274534
325.412046488756
325.706923475692
326.044475493758
326.364826536194
326.599142681055
326.759850654881
326.845529264208
326.831761002507
326.811872489357
326.752199686551
326.556273864092
326.21925142456
325.86500272352
325.076913975754
322.307306774141
319.01410627118
316.635437056562
315.884472552862
309.515750810843
300.783975637001
296.428743545561
294.698150655887
294.412975257545
294.353528940966
294.312758812798
294.311059934893
294.227802901085
294.144522301538
294.119023526191
294.062918437534
293.99659861978
294.093522540025
294.96270950749
296.634455180109
299.165506033032
302.597091856482
306.37395450658
310.111270353078
313.652674147695
317.154536464481
320.190568255844
321.501166405349
322.062105811907
322.411228092323
322.597272152137
322.784758004463
322.965942476912
323.182610918348
323.369757398555
323.555250305106
323.629417698701
323.629417698701
323.925917456446
325.133818603971
326.86847507828
328.479831953196
329.537554764248
328.542234727896
319.39317462964
308.155804748183
292.497863240059
274.514116212628
255.260651100008
237.718320707513
219.781709885058
203.933812792288
192.429207762231
186.536859628332
184.523711213491
190.593808923585
200.803386425628
211.629393043594
221.817492547364
231.307155099015
236.402199651357
233.799059022914
230.178191842755
226.68480319598
224.002232131736
222.171105231981
223.293528791141
227.642263211382
236.687557763394
249.809927745076
270.181420530724
295.604465460182
303.756481412331
309.239389470358
315.996835427192
323.230567861395
331.593124174793
339.969116244402
347.923842241373
355.081680744023
360.797727265569
364.52434760932
365.924855673948
366.5801413061
366.777861927352
366.274487236007
364.649146440795
361.875669256721
359.644268687824
355.976122794774
351.400056915192
346.031790447063
337.606279562451
329.171687725418
321.644213378696
313.934706587214
306.515904970688
299.736550991033
295.656895742345
286.546680315791
280.884317824972
277.791288560315
274.508651958367
270.501386318074
267.312551145658
264.395537027386
262.190770241822
260.486084081281
259.640135572296
259.576578296271
259.645912735017
259.643987028392
259.643987028392
259.767203472648
260.612739519771
263.664559620742
269.339933912519
277.791288560315
289.925852589934
302.114216812119
309.294358176802
311.830081935659
312.790664822338
313.237928737884
313.915593750932
315.147584474322
316.572266631175
317.494881848511
317.263297593655
315.303028846854
311.724237107094
308.888329336024
305.581413047325
299.043475100193
295.062705200098
292.535467935086
291.768744042264
291.809869606907
290.76450952618
288.277643947636
284.422221354099
278.0233803118
272.536236122832
269.287949971773
266.780808904989
264.896206088347
263.761255683999
264.442810452468
265.73859335821
258.528528406441
251.531310178276
246.625221743438
244.932643802332
247.127497458296
250.053994169259
253.763669582547
257.379097830418
258.617478140979
258.617478140979
257.72853935876
256.435176994109
255.401644473954
255.368361391931
255.86715303063
257.392696089069
259.372319263255
260.480325552622
260.804524500631
260.898447676486
260.904196976591
260.906113381806
260.904196976591
260.904196976591
260.9022805573
260.896531214963
260.856282270525
260.856282270525
260.723991991531
259.715228664012
257.641223409609
254.045271556075
250.237886819722
247.038458544414
244.695729427385
243.794995846921
243.565186346489
243.417337098244
240.291489653712
233.931613938775
225.858362696625
216.930864562883
208.187415565879
202.094037517191
197.002538054716
194.858923326595
193.829822266853
192.994818583298
192.486363153341
192.04947279282
191.245914989053
190.262975904404
189.52836199366
189.52836199366
190.790460977482
191.848898876173
192.286244957875
192.27844392963
193.76790239872
198.924608834603
209.272549561571
224.040174968687
243.723203655294
266.563313304738
288.352215181365
292.643127375307
294.62009435882
295.408192168058
295.631527412081
296.180688094278
297.635683344588
298.963208438764
300.33980755138
300.991694237565
301.036542632286
301.044847157363
301.063116306199
300.364778228074
299.138763786976
297.111090334912
295.042369838639
292.053077367796
286.855364251743
282.817962654425
279.68374997486
276.374745590114
273.638447590977
270.425590505041
267.497663541198
265.345058367402
264.085213520182
262.27657158046
260.334400339256
259.903828367341
259.84225984239
259.848032511312
259.855729203726
259.886513693958
259.894209246763
260.124969966361
261.229783906813
262.46714080052
263.630423130564
264.176077645195
264.781041617409
265.911639459426
267.93469353557
270.066658438246
273.760844534057
282.294172805604
293.112606347799
303.016501200842
307.775892493223
309.046922003763
309.757970034671
310.120944149214
310.393298896738
310.625176056288
311.102876875158
311.102876875158
309.431737221637
305.160613448066
300.333148353624
293.683503111768
283.947178186366
272.781964213179
260.572446739865
250.5254478092
242.548964128895
235.282808551751
228.523521765266
225.678975538263
224.613000514218
223.910696484112
223.528521670054
223.644807675027
225.122189044083
229.261859017151
237.625756179754
239.269722280108
239.514091443489
240.694827530631
242.464430381035
245.022447951203
246.193013710787
246.477179471041
246.493407619758
247.301435499271
249.763888502722
252.790427033937
256.247926820882
261.669639048935
269.862928169099
277.937043231017
286.862336321797
295.518188949513
301.343657640243
305.622315939134
307.154684157673
307.415028910429
307.403643439696
307.447556503544
307.465445212954
307.538615461538
307.551621683255
307.707653463478
307.779141593448
307.738525375033
307.185611642212
306.832201699887
304.126618368074
297.76668718982
291.466979261802
285.252519708416
279.112880390712
274.599708666998
272.082708013574
271.613696267327
271.47191383272
268.592628342626
262.920139966493
257.200311041803
250.932261775962
244.077856431099
238.228881540421
233.833273936795
232.529568012328
236.562888044596
243.468683817858
250.609257610329
257.095313065019
263.216640811329
267.848837966492
268.966540670025
268.890312209272
269.217384282665
269.690563424084
270.817281575604
272.427972132085
274.169655505492
275.887658295909
277.081215530754
277.946037928228
278.350498472699
278.350498472699
278.379237731552
278.42234105761
278.510322968467
278.553406010409
278.546225966176
278.546225966176
278.567765543682
278.596482389854
278.596482389854
278.62340174508
278.524684722916
278.021581896082
276.783308745307
273.130005674953
267.447191048999
261.250837319232
257.392696089069
256.429327495901
259.828789782811
265.774340371677
274.35743110038
286.928562537786
289.167771371569
289.072655227021
288.839055530931
288.451035706236
288.395561685682
288.691877267096
288.956744167704
288.785387441955
288.591406663469
288.239483763068
287.723825916451
287.36388082012
286.86059332017
286.740300620614
287.019163123301
287.449125933616
287.887130660611
288.060757480084
288.046871185923
288.034720129362
288.046871185923
288.031248304763
288.043399507783
288.031248304763
288.02951237677
288.02951237677
288.024304530017
288.019096589098
288.003472201291
287.961803022554
287.713399062331
286.249890829674
283.151902695355
278.609045079301
272.022057929132
266.96629000681
266.263027850282
270.205477368613
278.515708713171
288.759415430909
301.791318629281
305.195019618604
299.133749349685
291.68133296459
285.178891224438
284.820996417048
287.741203167013
290.025860915885
291.346872301729
292.215673775381
292.148934620683
291.243884055957
290.726675762648
289.949995688912
289.425292605881
288.73344108364
288.333140655042
288.499566724111
288.513431229813
288.485701552087
288.480501940772
288.480501940772
288.480501940772
288.485701552087
288.485701552087
288.485701552087
288.485701552087
288.487434735033
288.485701552087
288.485701552087
288.490901069687
288.516897252137
288.53076092507
288.59313921159
289.27149876889
290.900326572522
293.921758296319
300.271543773299
307.795386580111
316.102831369793
324.595132434237
321.796519558556
316.00158227452
308.24016610429
299.165506033032
288.693609212258
278.670055800762
268.529328007203
257.64510474682
249.825939405819
244.139304496429
239.768638483018
237.699389986596
237.699389986596
237.78982316323
237.888629404602
238.1722066069
238.004201643584
237.297281906051
236.543864853857
235.730778643774
234.997872330794
234.179418395383
233.570117951762
233.355951284727
233.304522030757
233.270229562197
233.216637485408
233.182332092292
233.130864537495
233.085821104588
233.051496455183
233.062223451163
233.087966227345
232.727308238634
232.630608476185
232.559669762407
232.333811572918
232.150813050482
231.665707432067
230.286777735935
227.017620461496
222.784649381415
215.093003140502
198.859246704799
184.618525614306
181.744325908679
187.253838411927
195.775381496244
206.06794995826
213.960276687052
217.667177130591
219.278361905593
219.804458553506
220.565183109212
220.440468154103
220.839308095275
221.382022757043
221.697992773954
222.33982999004
222.717309610187
222.988788955858
223.212902852859
223.434554176385
223.606797749979
223.747625685727
223.928560036454
223.9307928803
223.964282866711
223.984374455005
224.040174968687
224.093730389763
224.113810373212
224.140580886193
224.174039531789
224.194112322336
224.267697183522
224.205263096119
223.562071917398
223.327114341273
223.253219461669
223.208422780145
221.941433716195
215.376414679045
210.492280143477
210.242716877422
217.763633327514
227.255362973022
236.581909705708
242.299401567565
241.126522804937
242.053713047332
246.935214175702
248.481387632957
248.304248856116
247.174027761818
246.024389034908
245.536148051565
245.487270545745
245.509673943818
245.642015950041
245.723421757064
245.855648704682
246.002032511929
246.034550419245
245.983739299979
245.918685747952
245.853614982575
245.772252298749
245.739699682408
245.739699682408
245.642015950041
245.60130292814
245.289624729624
243.704739387645
240.264437651518
234.348031781792
227.822299171964
220.841572173357
215.346232843763
211.636480787222
208.033651124043
204.572725454788
201.46960068457
198.954768728975
197.433533119377
199.047732968753
201.841521991884
204.41134997842
206.506658488292
206.958933124424
207.154531690716
209.315551261725
214.506410160629
222.694858494757
231.805953331661
230.887418453237
230.193396951346
230.193396951346
230.330197759651
230.338880782207
230.35624584543
230.35624584543
230.336710057255
230.351904702349
230.351904702349
230.438712025562
230.666425818757
230.87442474211
231.136323411099
231.341738560079
231.237972660201
230.768282049332
229.497276672295
229.148423516288
229.233505404424
229.128784747792
229.128784747792
228.899541283944
228.506017426238
226.803880037357
223.434554176385
217.301633680007
207.057962899281
193.641421188753
178.734439882189
161.904292716407
150.469265964847
149.11740341087
151.304329085456
155.576347816755
158.562290598995
157.410291912568
156.163375988098
153.863575936607
151.297719744879
148.872428609195
147.749788493926
149.926648731972
150.970195734125
151.086068186316
151.248140484437
152.836513961815
154.460350899511
156.313786979908
157.718102955875
158.845837213318
159.197989937059
159.197989937059
159.370637195187
159.480406320024
159.480406320024
159.530561335438
159.608896995124
159.68406307456
159.793616893792
159.878078547373
159.903095654837
159.903095654837
159.903095654837
160.028122528511
160.477412740859
161.715800093868
166.829254029382
174.656806337457
188.621313747943
207.280003859514
225.13107293308
247.828569781613
270
284.752524132799
296.735572522069
308.084404019418
318.902806510071
326.870004741946
330.83379512982
333.205642209132
335.113413637831
336.101175243408
336.391141381577
336.391141381577
336.151751445683
335.913679388024
335.699270180917
335.542843762164
335.401252233798
335.24021238509
335.204415245384
335.299865791801
335.287935959527
335.283462162988
335.277497008075
335.253635327046
335.247669641416
335.243195307526
335.241703849625
335.241703849625
335.247669641416
335.252143915591
335.250652497501
335.252143915591
335.253635327046
335.253635327046
335.253635327046
335.325215276155
335.857112474933
336.117538965166
337.133504712896
339.231484387873
340.531936828251
341.005865052201
341.005865052201
341.31217382332
343.088909759555
347.145502635422
352.973086792747
359.270093383794
367.014986070051
377.887549411197
394.416024015252
414.975902914856
433.413197768596
448.114940612339
458.453923529944
465.377266311968
468.828326789242
469.260055832584
468.71953234317
468.207219081466
468.207219081466
468.506136566001
469.17161039432
469.733967262322
470.203147586232
470.546490795543
470.583680125012
470.583680125012
470.574117435288
470.564554551233
470.556054046699
470.540115186793
470.523113141108
470.514611887877
470.509298526607
470.509298526607
470.535864732966
470.959658569606
471.494432628849
468.729132868867
466.054717817554
464.812865570651
464.683763434876
464.796729764744
464.280087877996
463.56876512552
462.191518745206
459.721654917408
450.036665172961
441.833679114664
437.2607917479
432.173576239918
428.300128414643
426.052813627607
425.446823939256
426.955501194211
429.874400261286
436.715010046598
446.300347299887
453.681606415777
460.593095910045
466.273524875689
470.559241753894
472.362149203342
472.658439044518
472.70603973294
472.718732440338
472.985200614142
473.441654272203
473.890282660449
474.222521607736
474.559796021534
474.728343371238
474.74098201019
474.725183658925
474.607206013562
474.464961825423
465.024730525163
443.143317674993
426.029341712516
414.131621589079
400.018749560567
377.972221201506
356.009831324923
337.287711012423
324.793780728634
316.523300880046
310.990353548145
306.82079460167
302.623528497042
298.506281340946
295.450503468855
294.061218116228
295.85131400756
299.933325924279
305.640311477397
311.704988731332
315.65012276253
317.143500642848
317.214438511238
317.340511123304
318.836948925309
322.578672574614
328.743060763265
336.089273854433
341.379554162226
344.714374518963
347.240550627371
350.401198628087
353.810683840949
356.868323054877
358.31550343238
358.516387352099
358.516387352099
358.069825592719
357.196024613937
355.574183539806
351.370175171428
346.034680342881
340.967740409558
338.743265615717
338.597105717104
338.538033313836
338.272079841065
337.751387857992
336.255854967612
331.751412958558
325.345969699949
319.601314139977
312.525198984018
305.285112640626
299.544654434026
295.680570886895
293.720956010973
292.970988324783
292.970988324783
292.347396088968
279.404724369507
272.659127850142
270.538352179502
270.161063071643
277.789488642029
291.998287666212
291.972601454315
291.94691298248
291.94006234157
292.047941269922
293.025596151599
295.093205614768
297.921130502689
302.254859348861
307.218163525531
311.587868826756
316.232509397753
320.317030455766
323.601606918136
326.958712989882
329.631612561659
331.786075657192
333.531107994442
334.505605334201
334.299267124533
333.815817480239
333.528109759882
333.430652460148
333.379663446948
333.271660961444
333.175629360852
333.10809056521
333.097583299549
333.015014676516
331.835802769984
329.537554764248
326.720063663069
323.879607261711
319.007836894331
315.228488560282
314.315128493682
313.800892286813
313.531497620255
313.340070849548
313.148527060243
312.880168754749
312.69314031491
312.592386343622
312.496399979264
312.488399784696
312.489999839995
312.489999839995
312.489999839995
312.494799956735
312.499599999744
312.501199997696
312.501199997696
312.499599999744
312.525198984018
313.223562332083
315.283998959668
320.039060116105
327.81854737034
336.061006366404
348.150829382898
363.917573084895
379.694614130883
393.614024140401
409.022004298057
425.760496053826
440.880936308206
455.522776598492
466.201673098671
471.08279527064
472.78959379411
475.58910836982
472.102743054941
459.884768175681
450.402042624143
441.232365086697
431.230796673892
423.975235125827
422.273607984207
422.226242670917
422.180056374055
420.460461874836
414.018115545685
401.193220281699
384.130186265021
364.642290471086
350.503922945236
336.23801093868
328.007621862663
322.487209048669
319.203696720448
316.170839895143
312.376375547191
308.668106548117
305.221231240554
301.826108877281
298.789223366573
296.470909196838
295.206707240876
295.044064505626
295.34217443501
297.097627052119
300.256556964207
301.965229786477
302.917480512433
303.761419538427
305.57814057946
307.827873981548
310.520530722205
316.430087065058
324.040120972697
336.034224447451
352.305265359461
363.422618998873
368.34223217003
370.225606893959
367.49285707344
361.861852092757
351.698734714812
338.62073179296
326.905185030767
317.671213678545
309.622350614422
303.733435762347
300.875389488738
299.918322214566
299.838289749658
299.81827829537
299.776583475094
299.756567901356
299.589719449784
298.923067025614
298.548153569906
298.380629398089
298.275040859942
298.233130285688
298.213011117892
298.213011117892
298.213011117892
298.213011117892
298.132520869495
298.065429058789
298.747384925793
300.774001536037
305.195019618604
310.096759093029
316.033226101307
319.220926632325
319.189598828032
319.250685198951
320.618152948332
323.876519679955
328.309305381374
332.683032329573
337.339591509802
342.423714132068
347.112373735077
350.689321194701
353.315722831577
355.572777360697
357.814197594226
360.494105360962
362.001381212835
363.15974446516
363.510660091283
363.400605393002
362.6416964443
361.365465975929
359.232515232127
356.077238812031
353.912418544475
352.842741175159
352.298169169242
352.095157592376
352.066755033758
352.065334845679
352.042611057241
351.950280579516
351.857925873498
351.842294217168
351.786867293252
351.695891360704
351.785445975242
347.243430463414
342.195850354735
342.976675591796
347.470862087744
352.52092136496
355.461671632822
356.635668434889
356.887937593862
356.687538330119
356.195171219375
355.499648382386
356.089876295297
359.147601968884
353.959037178033
344.095916860401
337.143886196977
333.745411953483
333.745411953483
335.836269631498
338.85985303662
341.681137904919
347.864916310915
354.599774393611
360.639709405384
363.755412330868
364.163424852085
364.293837444445
364.303444946654
364.31030729311
364.322659190998
364.433807432845
364.80816876819
364.698505617997
363.367582483633
359.979166063815
354.429118442602
349.656974762409
344.11625942405
337.530739340878
331.599155608093
326.308136582587
322.614320822867
320.254586227895
319.197431067357
318.439947242804
318.176051895802
318.188623303851
318.306456107946
319.048585641748
321.942541457323
326.851648305466
333.646519538268
343.77899877683
357.737333807921
374.233884088547
388.924157130924
400.495942551232
408.85816611632
413.262628361191
414.838522801343
414.76619920143
416.295568076337
420.17496355685
426.294499143491
433.551611691157
437.364836263731
437.81160331814
438.276168642558
438.489452552738
438.571544904591
438.588645543863
438.643363109486
438.699213584889
438.753917361429
438.480330231585
437.721372564786
436.400045829512
434.078333944462
430.338239063182
425.712344194997
418.505674991391
409.782869334481
401.290418525038
390.837562166177
379.163553100769
366.876000850424
355.036617829767
342.757932074518
331.461913347522
320.206183575521
311.481941691649
310.478662712915
312.717124571073
315.70239150187
316.820138248818
316.101249602086
315.087289492928
314.171927453743
313.972928769345
314.620406204048
315.786320159693
318.084894328542
320.332639610765
323.204269773776
327.048926003435
329.378202071722
329.634646237315
329.646780660755
329.743839972789
329.812067699167
329.822679632557
329.921202713618
330.080293262109
330.363436233491
330.622140819395
330.995468246923
331.093642343069
331.080050743019
330.971297849224
330.225680406597
328.508751786006
324.564323362874
320.714826598335
317.127734517182
313.014376666632
309.820916014397
306.784940960276
303.822316494362
301.089687634764
299.486226728376
301.358590386934
304.94753647144
308.753947343188
315.54397474837
312.622775881733
298.484505460501
286.775173262959
277.911856530088
272.475686988766
271.068257086661
273.519651944792
279.894623028025
290.001724132806
302.195301088551
312.571591799383
312.360368805007
312.326751976196
312.964854256832
314.203755547256
315.43779101433
316.268872954643
317.198675911486
317.95911686882
318.51216617266
318.644001983405
318.719312248254
318.82126654287
318.835380721776
318.87771951016
318.932594759457
318.946704011814
318.532572902678
317.979559091461
317.671213678545
317.042583890556
316.132883452513
315.061898680243
311.685739166873
305.044259083825
298.256600932821
289.442567705581
278.799210902757
267.492055956808
250.675088511005
233.582961707399
220.909483725801
213.731139518789
209.599618320263
207.766696080002
207.43914770361
208.016826242494
207.562038918488
207.458429570842
207.407810846168
207.429506097855
207.622253142576
209.778454565763
216.614865602525
231.263918500055
251.958329888099
274.834495651474
299.75156379909
323.252223503567
354.361397446167
393.531447282171
426.019952584383
439.520192937708
456.005482423183
475.417711071012
496.090717510417
521.138177453926
553.206109872261
587.541487896812
621.621267332449
654.5509911382
686.2011366939
716.732167549357
745.067111071211
768.190731524405
788.338125425886
806.437226323289
821.488892195141
831.15522016047
835.111369818421
835.218534277108
833.42066209088
831.465573550703
830.156611730582
829.768039876205
825.786291966632
818.715457286596
813.982186537273
810.431983574192
808.062497582953
806.191044356113
804.386101321996
802.643756594418
801.526668302434
801.225311632128
802.268035010744
803.673441143852
804.406613597874
804.466282699281
804.466282699281
804.456338156397
804.496737097174
805.247787951013
810.14566591447
830.974728857623
883.125698867381
980.078058115781
1130.7736289815
1318.97915070709
1538.49569385163
1775.00112676021
2038.57376614142
2331.10360130132
2619.97251893985
2893.33734638739
3146.48136813171
3384.5122248265
3610.64509471646
3824.22162014703
4018.3800218496
4185.64582830416
4333.21485735476
4463.0752850473
4576.30997638927
4666.34064337356
4740.11930229609
4804.86867666537
4859.04908392578
4902.79083787999
4939.97661937787
4972.09151162768
5000.20179592784
5024.76984547551
5044.60503904914
5060.90663814301
5074.62156224481
5086.53506819721
5097.28859296783
5106.64106825612
5114.36017503656
5120.41326457152
5124.71150407513
5127.20820720204
5128.88057961969
5130.14726884132
5130.8995312713
5131.22646157817
5131.3893830034
5131.41189147782
5131.422804642
5131.60208901665
5132.32111232335
5133.6989588405
5135.91763952655
5138.66373680941
5141.64185839504
5144.68745406366
5147.73095645062
5150.73790830013
5153.64201317864
5156.85456455774
5159.8911810231
5161.95486225906
5163.31811919428
5164.25822359804
5164.83717071507
5164.87463545825
5164.48438859099
5163.59893872481
5162.24892851943
5160.5916327491
5158.89028764908
5157.19662219699
5155.52926477971
5153.81819625023
5152.36664068077
5151.19335688343
5150.25601305411
5149.59542100154
5149.23887579514
5149.19954944455
5149.2539265412
5149.33345201105
5149.44220280216
5149.55842767125
5149.67804818903
5149.80533612679
5149.9179605116
5150.03417464389
5150.28028363506
5150.72295896411
5151.50298456674
5152.82990210234
5154.89776814245
5157.24538877103
5160.10106490173
5163.90549874802
5168.33967536964
5172.74540258846
5177.00444272554
5180.76355376309
5183.21299967501
5183.4540607591
5182.71974932081
5181.87688005032
5181.03078547117
5180.09700681368
5179.52594355893
5179.06642166327
5178.85634093088
5178.88414622301
5178.91967499014
5178.38758688455
5177.20532720115
5175.35312804837
5173.11898181358
5171.32371835297
5170.37687214385
5170.00348162359
5169.70763196527
5169.23843520494
5168.3263248367
5166.9454225877
5164.69360175413
5161.19792296323
5156.96771368602
5152.2534875528
5147.36787105798
5142.97151460126
5139.32048037481
5136.51428499912
5134.55265821668
5133.08006950992
5132.14487324744
5131.85103057367
5131.81780658667
5131.86145565135
5131.6837392809
5131.13184395022
5130.05935638176
5128.30966303713
5126.41775511907
5124.51890424848
5122.82373305973
5120.5515327941
5118.83375389356
5117.61800059364
5116.76870690869
5116.25419618689
5115.95074253066
5115.7537079105
5115.6348579624
5115.57337939747
5115.59370943393
5115.77315759798
5116.10193409005
5116.56671997933
5117.06361109572
5117.43246169405
5117.48668781854
5117.48668781854
5116.97078357889
5115.01896379671
5109.98659489435
5099.11541348105
5079.5072595676
5047.14622336227
4999.19953592573
4936.29861333368
4856.70783556104
4757.62766512891
4627.77149392664
4460.55680380824
4271.93609502764
4069.34380459553
3859.14550127357
3640.17691877744
3410.22125381917
3167.02494464442
2923.45976541494
2686.88406895422
2458.36897149309
2234.10809944371
2019.7655804573
1838.87791873196
1683.52932852386
1545.47339025944
1425.78539759671
1333.28991595977
1249.62354331214
1150.20432967365
1061.72030215118
983.657460704691
924.792949800116
881.757903281848
847.446163481787
819.77801873434
796.027637711154
776.211955589451
754.799973502914
711.800533857625
681.013949930543
665.916661452467
662.151795285643
666.883048217602
669.682760715848
672.632886499017
675.570129594256
678.137891582531
680.019852651377
681.309034139428
682.148077766111
682.389185142907
682.923128909836
683.180064111944
682.863822441927
681.832824085201
680.529940561031
679.362936875423
677.523431329131
672.971024636277
666.388775415673
659.828007892966
653.857018009289
648.600801726301
643.313298479054
638.864617896468
635.304651328794
633.350613799339
632.158998986806
631.148952308407
630.460942485734
630.282476354848
630.536279685793
631.534638796638
634.324049678081
633.927440642855
630.891432815504
628.139315757261
625.593318378641
623.094695852886
620.411153993866
617.694099049036
615.030893533
612.721796576554
611.722159153974
596.788069585846
580.8579860861
569.486610904945
561.043670314531
554.46009775276
548.151438929061
543.631308884983
540.791087204662
539.994444415866
540.394300488079
540.472941043305
539.258750508511
537.939587686201
536.660041366972
535.578192237137
534.291119147605
532.874281608711
531.370868603088
529.709354268924
526.846277390284
522.711201333968
518.275988253363
513.18515177273
509.52428793925
503.545429926635
495.053532458864
482.343238783338
466.019312904519
449.628735736496
435.102286824604
426.132608468303
420.611459663191
418.777984139568
418.812607260097
419.075172254334
418.473416121024
416.565721105326
414.100229413122
412.140752656177
412.436661803967
418.417255858312
426.653254997545
440.600726281744
457.724808154419
457.91702305112
458.121163012581
458.514994302258
460.00434780554
462.9330405145
468.216830111862
475.540744836865
483.43562136028
494.172034821883
506.485932677305
520.464215868872
526.833939681186
528.033142899193
528.366350177602
527.343341666509
524.802820114374
526.39813829458
535.364361906917
552.108684952519
578.220546158644
584.10529872618
594.944535229966
607.979440441862
622.452407819265
637.932598320544
650.6542860844
659.031107004821
665.90539868663
672.287141034246
677.233342356975
679.616068085504
679.86322153798
679.262099634596
677.227435947481
674.739208879994
673.433738388566
672.84545030787
672.756270873784
672.865514051657
672.92272959085
672.733230931846
672.374151793479
672.165902140238
672.070680806714
672.070680806714
672.099694985796
672.11754924269
672.212763937133
672.604638699437
673.727689797592
676.642446200355
682.129020054124
690.425955479659
699.429052870983
712.348931353168
727.758201602703
744.139099900012
762.50049180312
780.084610795521
793.871526130016
805.388726019926
812.65675410963
809.654864741761
804.838493115234
798.021929523243
784.748367312733
769.939608021304
755.129790168551
743.640370071448
737.189256568488
735.478755641521
741.602319305974
750.055331292299
762.638839818692
770.313572514466
769.719429402688
763.65437208203
753.886596246412
742.57390204612
730.254750070138
718.593765628397
710.129565642778
703.570891950484
695.77510734432
689.531725158459
684.639321102725
680.640139868345
677.346292526947
675.288086671163
674.392319054718
673.902811984043
673.587410808723
673.288199807482
673.020802055925
672.773364514381
672.570442407336
672.344405792151
672.1413541808
672.011160621608
672.148793051063
672.892264779437
674.484247406861
677.838476334886
682.496153835316
688.214356142038
694.442222218667
703.740008810072
715.855432332535
731.661123745139
749.078767553853
768.767194929648
767.320011468488
773.239936888932
785.036304892965
785.800229065887
782.152159109722
773.55478151195
760.412388115817
744.844950308452
729.389470721918
714.385050235515
701.79555427489
691.710922278953
683.64903276462
680.074260650997
686.670954679168
701.464895771699
722.542732300312
746.688020527985
771.729875021047
795.831640486856
816.427584051396
821.754829617691
807.302297779462
791.924870173933
776.075382936477
760.676672443687
746.182953437024
732.501194538275
718.605594189191
707.139307350398
697.783634087243
692.258622192602
689.638311000774
688.038516363728
686.822393344888
685.663182619572
684.571398759837
683.589057841039
682.754714374057
681.968474344672
681.405165815464
681.151965423282
680.2470139589
679.415189703616
679.106030012987
673.813030446874
660.757898174513
652.207022347966
647.038638722604
643.502136748589
640.616890192571
639.435688713103
638.966352791757
638.633697826853
638.401127818553
638.25073442966
638.582022922663
640.208559767831
643.582162586876
649.934612095709
658.600789553125
669.993283548425
681.124805010066
686.83112917223
690.305729369241
691.81283596071
692.610280027665
692.055633601808
688.968068926275
685.183916915743
683.397395371097
690.095645544877
690.72280981592
691.536694615694
693.505587576625
694.928773328605
695.550141973963
695.877144329371
695.877144329371
695.284114589137
690.663449155955
684.653927177812
678.594871775495
672.901181452373
669.791012182158
668.804904288239
668.374146717241
668.205806619488
667.912419408413
667.442881451289
666.860555138779
666.290477194444
665.8182935306
665.460742643772
665.427682021119
665.481780366675
665.520097367465
665.558412162299
665.542635749206
665.526858962131
665.493801624027
665.476520998299
665.443461159549
665.443461159549
665.569680799839
665.542635749206
665.453229010124
665.471261588357
665.568178325857
664.55774767886
661.656255165777
656.741197124103
649.68684764277
639.092325098651
623.156481150602
607.205895887054
593.096113627463
577.555192167814
564.991150373172
554.864848409052
548.874302550229
547.05941176439
542.914357887135
538.294529045206
539.017624943749
538.508124358398
534.38095025927
525.869755738053
513.80541063714
498.622101395436
479.441341563282
456.989058949993
430.970996703955
405.847261910192
383.071794837469
361.054012579836
343.295790827677
332.702569872852
328.199634369083
325.703853216384
324.12651850782
322.220421450907
320.165582160232
317.858459066296
315.635866149587
313.767429794745
312.209865314983
311.62637885776
311.279617064786
311.329407541273
313.403892764592
318.97021804551
330.131791865007
344.132242023325
361.762352933525
385.362167317966
386.852685139964
385.994818618074
385.994818618074
386.221439073493
386.738930029031
388.720979624203
390.049996795283
390.724967208393
390.950124696233
390.021794262833
387.976803430308
383.46577422242
377.699616097237
372.539930745685
366.734236198368
361.647618546009
359.384195534528
355.284393127534
342.658722346302
329.325067372649
318.35671816376
311.11251983808
306.135590874371
301.821139087374
299.441146137267
299.265768172706
299.100317619357
298.068784007987
296.77769457963
296.610856173539
297
297.100992930014
291.907519601671
285.324376806469
280.873637068344
278.442094518771
278.163620914022
280
285.096474899287
295.369260418209
299.869971821121
298.28174600535
296.66647940069
295.044064505626
293.520016353229
292.330292648572
291.61104231493
292.51495688255
294.601425658465
297.998322142928
302.707779880201
307.525608689748
311.916655534776
315.30144306679
316.227766016838
317.274329248365
317.713707604818
317.683805064092
317.557868742061
317.855312996338
318.75382350648
319.631037291437
319.720190166339
316.826450915955
311.192866242142
300.601064535707
290.945011986801
284.985964566678
279.967855297711
275.686416059987
273.177597910224
269.057614647867
257.386868351903
245.682722225231
237.770898135159
235.063821120988
234.426960906804
234.266941756621
234.260538717045
234.260538717045
234.226386216412
234.365099790903
234.638019084717
235.199914965971
236.845941489399
239.357473248696
241.5098341683
245.014285297817
254.037398821512
264.36716891475
272.54173992253
277.622045234164
279.953567578625
280.15352933704
280.041068416759
280.269513147613
280.654591980962
281.378748309107
281.69842030086
281.499555949916
281.328988908004
281.120970402423
280.950173518366
280.994661871004
281.193883290515
281.392963664694
281.691320420065
281.962763499012
282.262289369303
281.72326847458
279.513863699102
275.573946518897
270.075915253471
268.186502270342
270.900350682682
271.237902956058
271.817953785249
275.399709513282
281.076502041704
291.079027069969
300.318164618792
299.603070745278
298.934775494588
298.392359151504
297.605443498603
296.89897271631
297.852312396597
301.948671134681
307.896086366813
312.281923908509
314.337398347699
314.661723125009
314.590209637872
314.431232545369
314.645832643625
316.07752213658
319.51212809532
323.655681241655
328.076210658438
332.869343737149
332.977476715768
333.099084357793
333.301665162357
333.553593894594
333.709454466007
333.926638649869
334.047900756763
334.299267124533
334.233451348006
334.091304885356
333.821808754311
332.561272549887
330.207510514222
327.960363458757
319.020375524824
309.783795573623
301.746582416438
292.769533934117
283.476630430094
278.544430926199
275.579389650242
273.481260783989
272.748968833981
272.484861964844
273.72979377481
274.413920929679
277.65085989422
281.753438310875
289.269770283727
298.207981113853
309.722456402502
315.228488560282
314.070055879258
313.713244859059
313.59846938402
313.215580710794
312.971244685514
312.625974608637
312.305939744988
311.971152512536
311.575031092031
311.239457652785
310.930860481876
310.617127666843
310.448063289176
310.681508944449
310.718522138607
310.68472765812
310.724958765787
310.691164985424
310.691164985424
310.536632299637
310.053221237903
308.630847453718
306.874567209471
304.663749074287
302.057941461568
299.898316100641
297.932878346785
292.972694973439
289.223097279591
286.220194954863
282.3437621057
279.674811164681
278.384626012285
277.477927050063
277.086629053082
277.297673989523
277.470719175916
278.08811553175
279.487030110522
283.113051624258
288.544623931897
282.595116730633
277.503153135239
274.95454169735
273.605555499153
275.934774901606
283.257833077922
295.3895732757
301.695210435963
302.603701233147
302.3904760405
301.99337741083
301.197609552267
300.408055817416
299.926657701512
299.739887235583
299.484557197863
299.275792539256
299.035114994878
298.76579456156
298.524705845262
298.323649749731
298.291803440859
298.467753702138
298.610113693425
298.730647908781
298.872882677569
298.908012605885
298.733995387201
298.053686439205
290.277453482009
286.050694807756
284.253408071038
283.125413906982
282.680031130605
282.566806260042
281.273887874435
279.876758592063
276.298751354399
269.050181193026
263.216640811329
261.998091596103
264.860340557057
271.422180375886
281.838606298002
292.438027622948
294.266885666736
295.228724889703
295.716080049767
295.883422989528
295.856384078492
296.843393054317
300.196602245928
303.962168698672
310.31113418632
314.19102469676
316.362134270206
316.469587796363
316.170839895143
315.854396834997
315.53763642393
315.188832289471
314.822172027321
314.490063436033
314.192616081282
314.014330883162
314.097118738775
314.179884779405
314.529807808417
314.807877919216
314.857110448533
314.10507795959
312.776277872859
309.638498898312
304.139770500341
295.927355950747
285.021051854069
277.064974329127
272.486696922987
271.575035671543
272.044114069759
272.383920230251
273.718833842321
274.541435852587
274.094874085598
273.685951411467
272.301303706023
271.998161758494
272.759967737203
275.169038956057
281.05871272743
289.140104447654
300.948500577757
316.045882744895
324.83072514773
328.843427788971
332.768688430868
338.081351156789
344.41109157517
345.126063924474
343.976743399899
343.681538637152
343.729544845944
343.822628691016
344.020348235391
344.27459970204
344.409639818632
344.607022563383
344.651998398384
344.390766426744
344.199070306705
344.156940944099
344.199070306705
344.241194513382
344.241194513382
344.392218262841
344.34720849747
344.392218262841
344.434318847585
338.413947703105
333.430652460148
329.68469785539
327.835324515221
327.186491163679
327.035166304787
326.960242231376
326.891419281694
327.563734256404
327.868876229507
327.612576071188
326.977063415769
329.705929579679
339.84408189639
347.71971471287
360.728429708555
379.431153175382
391.075440292535
399.380770693833
406.006157588774
410.944035119139
413.341263364789
414.743294098892
415.895419546789
416.778118427539
417.554786824436
418.347941312014
419.046536795139
419.77136634125
420.560340498245
421.28256550681
422.093591517332
422.657071394766
422.634593946118
422.574253830022
423.566995881407
427.084300811912
435.690256948672
452.70961995522
479.881235307237
522.744679552074
581.574586790035
616.391109604933
641.727356437296
674.202491837578
717.308859557722
771.517336162967
841.99406173678
924.139599844093
1008.18748256463
1089.43838742721
1171.14473913347
1251.02957598931
1330.44654157918
1409.35091442834
1485.0228954464
1537.5418693486
1554.95015997298
1562.72518377353
1564.7280913948
1565.00926514829
1565.04600571357
1565.50598849062
1566.37958362588
1567.70182113819
1567.28842272251
1564.08663442918
1558.85599078298
1553.09239905422
1546.96994153086
1540.44409181249
1533.79235882827
1528.52543321987
1524.77867246365
1521.56958434375
1518.60100092157
1516.44056922782
1514.65012461624
1513.05287415873
1511.68912147968
1510.78655011223
1510.34168319622
1510.33473111095
1510.33473111095
1510.24832395206
1510.34102109424
1511.07974640652
1512.27576850256
1513.22833703311
1516.43661258887
1523.33384390947
1531.49404177751
1545.0401289287
1563.82511809985
1583.91571745469
1610.01645954319
1643.17984408281
1682.91324791268
1722.16985225035
1763.38056017412
1792.98968206736
1796.83471693976
1798.36926130314
1798.85602536723
1794.27701317272
1786.92445279592
1780.44123744649
1775.82065535909
1773.39448516116
1772.37947404048
1772.03639917469
1772.51346962442
1774.15782837943
1777.95669238595
1781.9076855999
1787.48846150122
1794.6016271028
1803.5060299317
1815.05757484439
1830.19397879023
1844.73114572287
1855.9310332014
1863.8532667568
1868.89405799259
1872.29938845261
1874.0482918004
1874.24251365718
1872.72849073217
1869.3763665993
1864.26607543022
1857.25523286381
1848.58783940607
1839.20336015352
1829.52015566924
1820.07389959859
1810.88403825314
1802.92040867033
1796.54863557879
1790.75905693647
1785.82921915843
1782.01739609915
1779.58394013882
1778.38241106912
1777.61047476662
1777.05458554317
1776.62235717105
1776.31078361868
1776.01801792662
1775.76912913813
1775.54949241073
1775.44557787616
1775.76997384233
1776.74280637351
1778.68012863471
1781.5743038111
1785.51029120529
1789.6195126339
1793.30142474711
1795.89921766228
1796.93043827523
1795.70710306553
1789.38089852329
1778.77373490841
1763.86734195064
1746.62102357667
1729.08212644744
1712.20121481092
1699.10947263559
1690.67737904072
1686.13581896596
1684.14043357435
1683.20438449999
1682.90968266274
1684.43284223504
1687.58821991622
1691.18153963435
1694.54153091625
1696.91219572493
1698.43633969602
1699.14037089347
1699.30515211365
1699.34281414905
1699.35781988373
1699.44226144933
1699.54552748669
1699.67967570363
1699.82116706435
1699.93441049942
1700.04764639112
1700.09029171983
1700.08352735976
1700.0649987574
1700.0649987574
1700.07911580609
1700.00264705676
1699.50257428461
1698.19197972432
1695.48370679284
1690.28311238088
1681.58496663118
1667.33799812755
1647.25954239154
1623.14139864646
1593.32482563977
1557.82669125933
1519.79209104403
1471.54476656336
1415.87570075907
1349.59216061742
1283.49795480943
1214.98559662245
1149.23887856268
1083.49019377196
1020.05441031349
956.35558240646
895.444582316516
848.257625960415
822.809820067797
815.374760462942
816.970011689536
819.4247982579
820.06158305337
817.342033667668
814.591922375861
814.792611650351
807.537615222969
790.946900872619
771.766804157836
752.366931756041
733.863066246013
719.339975255094
712.694184064947
709.703459199686
708.28666512931
709.37014315518
708.783464818417
707.710392745507
708.185004077324
709.169232271113
709.606228833992
709.919009465164
710.476600599907
711.067507343712
711.47733625183
711.506148954456
711.322711573305
711.229920630453
711.190551118334
711.173677803109
711.190551118334
711.224296547861
711.258040376346
711.291782604017
711.325523231101
711.325523231101
711.317088224373
711.320602822665
711.320602822665
711.298109093508
711.019690304003
710.059152465483
707.847441190544
703.564495977448
697.403756800894
688.450433945684
682.01832819947
679.451249170976
676.116114288071
671.662117437034
671.26298870115
656.332994751902
628.356586660791
607.304701117981
593.792893187515
582.816437654258
584.123274660409
588.444559835504
590.371916676259
592.130897690705
582.702325377203
558.794237622401
543.61659282991
537.511860334263
536.581773823897
536.657246294131
537.341604568267
538.278738201687
538.913722222769
538.423625038872
536.011193912963
531.796953733283
522.711201333968
508.495821025109
492.463196594426
474.995789455022
456.929972752937
438.406204335659
421.099750652978
402.402783290573
383.67694744407
369.518605756192
360.581474843065
354.861944987061
349.788507529907
346.056353792269
343.986918355917
342.938770045033
342.938770045033
343.171968552211
343.324918990743
343.336569564036
343.336569564036
343.323462641282
343.333656957776
343.333656957776
343.35550090249
343.320549923828
343.228786671515
343.136998879456
343.049559101888
342.957723342105
342.865862984346
342.721461248052
342.249908692464
340.558365041882
337.278816411586
333.58956818222
329.658914637539
327.699557521825
330.514750049071
339.175470811201
351.119637730503
359.431495559307
367.520067479315
372.026880749228
373.752591964257
377.532780033734
380.465504349606
383.262312261459
388.337482095149
398.556144100176
417.534429718077
434.340879954904
443.310275089581
449.114684685326
445.128071458092
412.963678790278
386.314638604338
366.546040764322
350.275605773511
334.091304885356
322.589522458495
317.693248275754
315.165036131865
313.518739471822
312.584388605701
311.76433407303
311.062694645308
310.419071579051
309.565824987191
309.098689741642
308.967635845569
308.889948039751
308.864047762118
308.849477901453
308.834907353427
308.820336117944
308.805764194906
308.76204429949
308.697262702474
308.682684969533
308.830050351322
309.678865924041
312.507599907586
316.798042923248
321.69550820613
327.055041239239
331.297449431776
336.336141382397
341.123144919837
343.943309282213
346.311998059553
350.542436803306
357.856116337279
364.400878154815
372.703635614143
384.357906123967
395.953280072283
407.542635806366
424.577436988825
448.626793671533
478.726435451396
512.127913709065
541.364018013758
566.150156760554
579.624878693108
576.112836170138
576.112836170138
579.857741174506
585.384489032636
592.781578661146
604.446027367208
615.326742471023
615.739392925286
609.392320266674
597.309802363899
582.891070441125
566.563323910046
549.753581161596
532.924009592362
519.492059612079
510.069603093539
502.715625378802
497.508793892128
492.962473216775
488.512026464037
484.686496614048
481.659630859801
479.366248290386
478.163152072595
478.347154271874
480.22494729033
483.971073515763
489.575326175656
499.862981225856
513.816114967213
534.49602430701
556.956012625773
580.662552606934
616.676576496951
654.572379496722
685.644951851904
688.985486059032
691.094783658508
691.650200607214
691.962426725613
691.966039629114
691.981213617826
691.46004946056
688.875895934819
683.7609231303
676.190062038773
667.249578493685
658.150438729627
649.434369278374
642.409526703955
636.906586557244
633.836729765639
632.769310254535
632.514031464915
632.536164973988
632.412839844354
632.05854159247
630.804248558933
628.495823375144
625.241553321594
622.072343059873
619.902411674612
617.352411512258
614.055372096035
610.33105770557
607.977795647177
606.82946533602
606.089927321021
605.70619940694
605.359397383075
605.10164435407
604.777645089499
604.550246050732
604.225951114316
603.841038684851
603.707710734259
603.620741857004
603.561098812705
603.513877222388
603.454223616009
603.406993661824
603.336556160821
603.266110435519
603.434337770068
603.625711844683
603.901482031631
604.199470373816
604.120848837383
604.206918199386
605.333792217153
607.646278685223
610.36464510979
598.432953638083
576.265563781144
551.672004002378
526.891829505829
504.806893772262
487.781713474378
475.485015536767
465.38371265011
460.930580456537
460.577897863108
460.577897863108
459.87063398308
458.554249789488
457.226420933874
456.359507406168
455.5535094805
454.82304251214
453.749931129471
453.255998305593
453.241657397023
453.180979300765
453.154499039787
453.154499039787
453.154499039787
453.144568542976
453.134637828538
453.072841825683
452.874154705256
452.758213619587
452.736126236906
452.746065692459
452.746065692459
452.732813036564
452.725082141469
453.148982123981
455.167002318929
459.605265418054
468.265950075382
478.344018463699
490.319283732549
504.726658697557
517.600231839206
524.978094781106
525.557798914639
526.139715284828
526.558638709878
527.753730446313
528.102262824162
525.96197581194
522.275789214855
516.866520486673
508.767137303502
499.047091966279
489.473186191031
478.19556668794
456.705594447889
435.939215946444
417.875579568847
401.184496210908
385.488002407338
373.292110819396
361.660061383615
354.330354330532
348.776432690054
343.867707120049
340.00735286167
329.6892476257
323.219739496213
321.400062227748
320.452804637438
319.585669265692
318.067602877124
316.933747019783
317.047315080888
317.272753321176
315.623193064135
313.979298680661
312.63876918898
311.329407541273
310.262791839434
309.042068333746
307.816503781068
306.652898241644
307.198632809458
311.15751638037
317.20498104538
321.054512505275
325.510368498455
330.806590019002
333.600059952033
336.441673994171
339.057517244494
340.329252342493
340.286643875425
340.027940028463
339.852909359329
340.099985298441
341.483528153262
343.135541732418
344.066853968818
343.368606602293
341.441063728427
339.319908051384
337.222478491574
334.983581687222
333.187634824583
331.0422933705
327.653780689312
324.484206087138
321.880412575851
318.959245045507
317.269601443315
317.179759757775
317.255417605437
317.368870559165
305.394826413284
276.927788421458
253.75775850208
235.338054721288
220.147677707488
202.289396657363
187.914874344742
180.906052966726
176.915233939873
173.856262469892
172.0755647964
170.912258191155
169.926454679664
170.270373230342
174.261298055535
184.634774622767
203.592730715023
228.562901626664
248.672475356643
257.984495658169
259.928836414893
262.124016450229
262.619496610591
262.863082231035
262.903023946093
263.996212094037
267.161000147851
272.172739266812
280.781053491862
293.075075705868
298.452676315693
298.720605248449
299.29751084832
299.823281284159
300.108313780208
300.273208928136
300.331483531114
300.331483531114
300.664264587596
300.406391410036
299.948328883493
299.681497593695
299.093630824864
298.984949453982
298.984949453982
294.36032341333
284.112653713276
271.725964898462
257.788673141393
246.038614855473
235.904641751704
227.901294423704
222.384801638961
219.943174479228
219.688415716441
219.262399877407
218.698422490881
218.389560190042
218.206324381307
218.096309001322
218.016054454712
216.272975658079
206.995169025753
206.189233472555
211.151604303638
217.662582912176
217.839390377406
217.860046819053
217.972475326588
218.084845874261
218.362084620934
218.682418131865
218.954333138214
219.581419979014
221.614530209551
225.995575177922
234.507995599297
243.817554741245
249.461419862872
251.992063367083
252.230053720805
252.547025323998
253.11657393383
253.321929567892
252.976283473372
252.531186192914
252.031744032374
251.346374551136
250.802711309108
248.521628837411
247.939508751631
246.991902701283
243.909819400532
240.097896700492
239.296886732778
239.315691086063
237.236169249126
233.858931837123
230.948046105612
228.720353270101
227.477471412006
227.51483468117
225.687837510133
225.155501820409
225.703345123638
227.074877518408
227.255362973022
227.167339201744
227.237760946547
229.619250064101
236.586136533821
239.225834725265
241.772620451531
247.850761548154
257.007781983348
266.902603958822
276.184720793892
285.669389329694
297.761649646156
308.306665513414
315.691304916686
320.594759782502
322.933429672433
323.304809738426
323.416140599074
323.457879792717
323.51970573676
323.901219509899
324.433352169594
324.950765501483
325.284490869147
324.633639661696
323.96759097169
323.898132134163
323.873432068764
323.539796624774
323.261504048967
322.982971687363
322.034159678752
321.675302129337
322.75067776846
324.750673594375
322.189385300013
313.518739471822
308.530387482335
306.579516602137
307.707653463478
311.067516786951
313.953818259947
316.466427919298
317.814411252857
318.350435840757
318.62674087402
318.683228300455
318.979623173644
321.196201721004
323.777701517569
326.851648305466
329.896953608244
332.051200871191
332.23034178112
332.252915713316
332.252915713316
332.23034178112
332.207766314998
332.183684126719
332.171642377853
332.182178931983
332.195725439085
332.209271393801
332.209271393801
332.209271393801
332.219806754504
332.242381402494
332.049695075903
330.116646051059
325.006153787894
315.532882597044
304.172648343009
295.365874806146
286.057686489981
275.646512765897
268.350517048132
265.516477831414
267.452799574056
274.772633280682
285.613375036954
293.720956010973
301.064777082939
306.10292386712
308.079535185315
302.909227327264
296.745682361176
292.586739275723
291.173487804092
290.342900722577
293.303596977603
304.175935931822
317.683805064092
330.614579230862
340.390951701129
347.916656686627
352.232877511455
352.203066426174
352.167573748635
352.593250077196
353.318553149987
353.560461590376
353.713160625951
353.769699098156
353.903941769515
353.96044976805
353.987287907348
354.043782603226
354.290840976732
354.606824525417
354.949292153119
355.371636459636
355.70915085221
355.978931960868
355.515119228423
351.72290229668
346.251353787967
341.259432104081
337.795796303033
335.944935964214
334.675962686298
333.576078279004
332.598857484508
332.034636747433
332.070775588578
330.77182467677
326.843999485993
320.591640564753
314.926975662613
311.547749149308
311.547749149308
313.130963017074
315.407672703122
318.719312248254
324.058636669353
329.77113275725
335.97172500078
343.438495221488
352.498226945895
363.967031474006
375.409110171823
383.421439150186
389.75376842309
392.801476575636
393.777856157504
394.265139214717
394.386865907068
394.447715166408
394.473066254212
394.523763542831
394.584591691059
394.903785750403
395.187297366704
395.217661548671
395.136685211586
395.075942066839
394.943033866911
394.810080924994
394.271480074326
393.560668766583
393.560668766583
393.621645746267
393.635618307084
392.886752130942
390.085887978532
386.209787550756
381.841590191535
377.638716235505
374.670521925598
373.172882187331
356.394444401144
333.755898824275
319.734264663642
317.570464621633
326.513399418768
338.976400358491
345.393977944028
349.599771166973
351.175169965076
351.196526178719
351.754175526034
354.945066172218
361.145400081463
368.784489912469
375.471703327961
382.610768275019
389.891010411884
394.680883752938
395.092394257343
395.137950594473
395.168318568177
395.193623430338
395.212601013682
395.050629666629
395.075942066839
395.111376702823
395.153134873051
395.215131289276
390.575216827694
385.686401108465
382.22898895819
380.687535913641
380.456304981268
380.493101120112
380.197317192008
378.667400234031
373.76329407795
364.404994477299
352.759124616217
348
344.899985503044
343.890971094037
346.736210973126
352.60459441136
355.945220504504
356.809472968418
358.269451670108
359.265918227711
360.5329388558
365.095877818416
373.490294385276
376.288453184522
376.576685417459
378.178529268916
382.302236456969
387.297043624141
390.138436968213
391.141917978628
391.469028149099
391.500957853234
391.827768286016
391.909428312206
391.991071326886
392.036988050873
392.056118432043
392.082899397564
392.061219709371
391.21221862309
390.014102309134
389.209455178057
387.045216996671
385.024674533984
383.691282152722
382.175352423465
381.373832348262
381.351543854224
381.299095199556
381.047241165712
381.424959854491
382.262998470948
383.386228234662
384.640091514132
381.55078298963
379.005277008118
378.137541114341
378.740016370069
381.114156126481
383.010443721839
385.434819392333
387.246691399681
388.793004052285
390.421567027233
391.415380382529
391.401328561874
391.483077539758
391.474137076768
391.488186284082
391.537993047929
391.895394206158
392.641057455789
393.131021416525
393.415810561802
393.358615006714
393.382765255419
393.738491895319
394.093897440699
394.498415712915
394.755620605964
394.683417437318
394.561782234418
394.440109522346
394.367848588092
394.418559401051
394.498415712915
394.554178789175
394.609933985448
394.578255863143
387.369332807851
372.90079109597
358.984679338826
345.086945565896
333.436650654963
323.942896202402
315.968352845661
309.44466387385
305.792413247942
307.883094696672
316.973184985733
328.432641495939
339.471648300709
337.261026506177
331.840323047094
328.358036295748
326.990825559373
327.823123040459
335.302848183549
342.324407543488
342.721461248052
342.452916471739
342.480656388065
342.474816592403
342.426634478102
342.385747366914
342.302497799826
342.302497799826
342.420793761127
342.362381111009
342.270360972141
342.270360972141
342.344855372474
342.369683237287
342.397429896896
342.455836568746
342.483576248555
342.442695936123
342.39450930177
342.416413158014
342.219227981129
341.647479136024
340.744772520431
340.039703564157
339.464283835575
338.763929602902
338.019230222187
337.521851144485
339.766096013125
345.731109389942
357.102226260212
376.216692877921
405.701860976752
412.865595563496
410.338884338299
409.460620817192
408.810469533254
408.33931968401
408.622074783044
409.154005235193
409.350705385981
409.272525342222
409.070898500492
408.986552346162
408.986552346162
409.206549312202
409.519230317698
409.935360758254
410.325480563906
410.71522981258
411.268768568682
411.736566265373
412.288733777677
412.676628851211
412.802616270779
412.830473681389
412.830473681389
412.830473681389
412.830473681389
412.830473681389
412.830473681389
412.858329212334
412.760220951583
412.293584718462
411.516706829747
410.668966443777
410.285266613365
410.14997257101
410.375437861478
410.649485571332
410.813826446969
410.594690662215
408.396865805799
403.222023208058
396.685013581305
388.061850740317
376.13827244778
361.994475095961
350.049996429082
343.754272700719
345.409901421485
339.736662725706
344.622982402509
358.075411051918
362.21402512879
364.031592035636
365.162977312871
365.53659187556
365.553005732411
365.820994476807
365.937153074131
365.957647822805
365.882494798535
365.80049207184
365.723939604724
365.648738545616
365.583095889293
365.529752551006
365.710267835072
365.911191411249
365.931687613959
365.911191411249
365.781355457054
364.532577419358
361.812105933453
359.071023615106
355.801911180927
353.319968300689
348.450857367291
343.682993469273
341.556730280637
340.417390860103
339.980881815434
339.826426282595
339.84849565652
339.293383371972
336.171087394499
331.486047971857
327.98018232814
325.673149031356
324.154284253656
323.077390109553
322.383312223198
321.661312563386
320.610355416041
320.273320774616
320.348248005198
320.722621590682
321.376725977473
322.122647449694
322.965942476912
324.652121508546
327.412583753282
330.081808041582
331.80415910594
332.747652132964
333.193637394234
333.553593894594
333.673493103663
333.673493103663
333.591067026682
333.501124435886
333.403659248065
333.228150071389
332.917407174813
331.802652189521
330.134820944414
328.955924099263
328.001524386702
327.360657379594
327.200244498686
327.23691723276
327.145227689477
326.931185419807
326.320394704346
325.362874341865
324.54891773044
323.732914607088
322.92878471886
322.854456373147
320.237411930586
315.65962681344
309.924184277381
306.19764858666
302.201919252674
299.834954600027
300.642645012314
305.787507920124
317.644455327021
336.0267846467
337.252131201569
338.517355537349
340.982404238107
346.117032230429
354.114388298471
365.655575644622
380.130240838584
395.393474908224
409.497252738037
423.650799597971
432.64881832729
435.036780054285
434.360449396581
432.968821048352
434.141681942658
440.907019676485
455.482162109561
480.800374375894
468.841124476085
459.756457268411
454.566826770278
452.89071529454
452.921626774434
454.37649587099
455.415195179081
455.415195179081
455.696170710266
455.558997276972
454.916475850238
454.564626868391
454.713096358572
454.651514899049
452.910587202375
449.958887010802
447.130853330432
443.898637078331
441.20403443305
439.022778452326
437.626553124922
437.179596962164
436.940499381781
436.724169241868
436.626842967768
436.503150045907
436.301501258018
436.084854128185
435.847450376849
435.682223644711
435.667304258651
435.722388683437
435.777466145279
435.852039114193
435.948391441005
436.003440353399
436.1238356247
437.068644494203
439.053527488392
441.53369067377
444.783093203867
448.639053137375
450.094434535687
448.341387783907
444.551459338511
442.029410786206
441.928727285294
442.670306209938
443.121879396628
443.206498147308
441.491789278125
437.391129311055
432.20596941736
419.809480598045
384.802546769119
346.222471829892
311.977563295824
283.427239340188
260.781517750012
246.742781049416
239.670607292592
237.210876647763
236.01271152207
235.418775801761
234.948930621103
234.591133677298
234.335229959134
234.027776129245
233.719917850405
233.505888576712
233.503747293272
233.548710122749
233.713499824037
233.908101612578
234.196498692871
234.435492193482
234.723241286414
234.961699006455
235.471866684749
237.739353073907
244.679382049244
257.085588860986
275.101799339808
300.913608864737
331.442302671219
366.724692378356
409.829232729926
460.946851600052
516.034882541868
569.960524948877
589.888972604167
592.005067545878
591.950166821499
595.759179534818
599.008347187249
591.531909536586
579.555864434137
563.958331794114
546.506175628419
526.350643582774
503.289181286465
478.770299830723
455.062633051759
435.358472985194
422.062791536994
416.730128500448
416.41325627314
416.067302248086
414.815621692337
412.465756154375
409.720636531772
406.757913260455
403.692952626127
400.709370990996
398.174584824295
395.954542845514
394.493345951488
394.126883122682
394.024110937389
393.932735374962
393.913696131526
394.199188228489
394.239774756429
394.118002633729
393.997461920759
393.936543113228
394.012690150965
393.733412349016
387.051676136404
384.98051898765
386.322404216996
388.59361806391
390.534249458354
392.010203948826
393.975887587045
395.0037974501
395.924235176378
395.513590158417
395.210070721888
395.256878498022
395.256878498022
393.939081584958
392.469107064492
390.93733513186
389.413661804513
387.838884074302
386.392287707713
385.314157539014
384.320179017444
382.775391058516
380.373500654291
374.440916567621
366.659242349078
360.873939208694
356.356563009579
353.410526159027
351.287631436121
350.633712012978
350.65082346973
350.612321517656
349.944281279177
347.259269134749
341.590397991513
336.147289145696
337.149818330071
345.447535814051
356.995798294602
358.10333704114
351.849399601591
350.054281505026
350.218503223345
353.135951157624
361.747149263128
374.617137888805
390.216606514895
405.794282857706
420.795674882716
435.28036941723
450.081103802415
468.325741338227
489.297455542127
510.022548521141
524.620815446738
531.926686677779
538.195131899202
543.803273252377
547.779152578847
550.426198504395
551.653876991724
552.407458313155
552.768486800758
552.944843542283
552.952981726295
552.953885961569
553.036165182712
552.728685703936
551.859583589884
550.941920713971
549.87634973692
549.530708878039
549.483393743614
549.556184570786
549.621688072805
549.461554615061
548.60277068203
546.41101745847
541.605022133289
535.846993086646
528.948957839979
520.287420566748
511.67958724186
506.654714771312
505.326627044331
506.405963629972
509.495829227286
506.589577468783
504.943561202636
503.944441382183
503.327924915755
502.973160317725
502.785242424636
503.456055679143
504.249938026769
505.485904847999
506.863887054503
507.994094453863
508.875230287347
508.993123725655
509.13357775735
509.231774342489
509.240611106381
509.288719686584
509.312281414851
509.335842053159
509.340750382296
509.341732042447
509.376088955891
509.439888505013
509.191516033015
509.018663704977
508.987229702278
509.01080538629
509.01080538629
508.852630925693
508.73470492979
508.561697338681
507.944878899276
506.253888873952
503.182869342747
498.871727000038
494.655435631713
491.51195305913
489.978570959996
485.306088978904
472.984143497433
466.086901768329
464.65686264167
465.924886650198
469.218499209057
473.233557559056
476.26778182027
477.541621222695
478.077399591321
478.471524753564
478.722257681842
478.972859356352
479.006263007072
479.173246331637
479.698863871909
480.386302885501
480.932427686052
480.940744790873
480.99064439966
481.016631729091
481.025986823997
481.150704041883
481.25045454524
481.424968193383
481.54646712441
481.630563814216
481.627449383857
481.731252878615
481.890028948514
482.011410653316
481.50285565093
479.30470475471
477.477748172624
476.43047761452
475.371433723147
474.831549078197
474.810488510943
474.760992500437
473.774207824782
472.768442263229
471.842134617077
470.237174200424
468.174112910998
467.972221397809
468.58297024113
470.049997340708
472.426713893277
475.65428622057
481.745783583001
489.395545545727
499.183333055101
511.359951501875
521.95114713927
528.682324274228
532.324149367657
533.83611717455
533.865151513001
533.783664043777
535.023363975817
538.258302304758
543.574281952338
549.841795428467
556.358697244862
561.445455943852
566.287029694306
569.548944341046
570.671534247153
570.950961116627
570.506792247034
569.065022646797
565.829479613779
562.354870166517
558.300994088314
552.915002509427
546.190442977539
538.1979189852
528.077645805993
515.861415498387
502.434075277543
486.908615655957
466.978586232816
438.603465558584
411.29065148627
387.020671282556
362.251293993548
336.087786151178
309.119717908774
283.991197046669
270.486598558967
268.557256464986
268.973976436383
269.102211064867
268.683829063083
264.922630214937
267.402318613732
267.975745171088
269.417891016911
271.930138086973
275.001818175808
277.104673363695
277.515765317936
277.046927432881
276.909732584465
277.704879323357
276.528479545959
275.223545504377
273.985401070933
272.640789318106
271.781161966756
271.781161966756
272.855272992845
274.286346725461
273.914220149302
271.540052294316
266.896983872055
262.547138624667
257.951545837586
252.134884536036
248.086678400917
245.869884288418
244.36038958882
242.295274407075
240.898318798617
239.733185020347
238.22678270925
236.947251513918
234.076910437574
229.085137012422
225.01555501787
221.876091546611
220.00909072127
219.171165986769
219.308002589965
219.64061555186
216.113396160442
213.543906492318
211.473402582925
209.942849366203
209.064583322953
210.116634277251
212.76512872179
217.119782608587
220.741930769847
221.006787226094
221.067862883776
220.977374407427
221.700248082856
222.5174150488
223.235301867783
223.720808151589
223.398746639277
223.472593397938
225.798582812205
232.68433552777
241.265414015354
248.205559969957
253.231119730573
255.286113997609
256.224510927429
257.198367024365
255.888647657531
253.077063362131
250.215906768535
247.28930425718
244.81217289996
239.649744418808
231.726131456942
221.162835937686
212.160316741845
207.874962417315
206.523606398881
206.639783197718
207.026568343293
206.40736420971
203.295351643858
199.271172024455
195.849431962413
193.654331219315
192.475972526443
191.099450548661
190.049993422783
192.327845097895
202.341295834538
216.152723785753
228.144690930997
241.689883942212
256.042965144524
255.01568579207
249.046180456557
244.186404207933
241.263341600004
240.391347598036
239.866629609039
239.77280913398
240.647044444764
241.946275028156
243.4296612987
244.579230516412
245.002040807827
244.967344762521
244.936726523402
245.010203869145
244.991836598692
245.48116017324
246.107700001442
246.302659344149
246.270176838366
246.310779301272
246.381817510952
246.422401579077
245.886152517786
245.183604672091
244.889771121621
244.971426905262
245.173408019712
245.271278383752
245.301854864573
245.169329240017
244.742722057266
243.956963417731
242.806507326307
241.549166837727
239.954162289384
237.566832701874
232.280003444119
224.957773815443
211.378806884702
192.564274983705
176.468127433823
169.363514370717
178.538511251774
191.054965912954
199.353956569715
209.773687577828
227.21795703685
243.653442413605
261.241267796648
271.873132177492
271.873132177492
272.593103361035
275.512250181367
280.889658050986
290.01206871439
301.181008697428
315.35694062443
319.292968917263
323.029410425738
326.465924714969
331.962347262457
339.77934016064
347.208870854418
352.337905993664
354.283784556957
355.748506672902
357.25061231578
358.703219946518
360.233257765021
362.060768380116
364.483195771767
365.554373520548
356.022471200906
343.110769285955
337.41665637606
334.702853289302
338.363709638017
351.752754075928
374.156384416997
404.723362310603
436.850088703207
459.407226760747
480.06145439933
506.694187849042
541.118286514141
551.478920721364
555.589776723798
557.94623396883
558.698487558361
558.698487558361
558.43352334902
557.602008604704
556.640817763125
556.752189039253
557.591248137917
558.795132405428
559.817827511772
560.131234622745
559.924994977006
559.657931240146
559.657931240146
559.939282422657
560.23298724727
560.643380412183
561
561.256625796079
561.117634725554
561.117634725554
562.459776339606
564.571518941578
568.22618735852
574.182026886945
582.879919022778
595.943789295601
614.150632988357
638.577324996746
664.78718399199
691.023154460109
716.305800618702
738.991880875561
755.913354823157
767.705672767891
775.647471471415
778.442033808555
777.93315908245
776.586762699442
775.078705680913
775.527562372866
779.309309581247
782.088230316759
785.891213845784
792.959645883698
802.433174787783
813.134675192246
820.613185368112
822.783689677913
824.165032017253
825.181798151171
825.950361704624
826.340728755397
826.582724232729
826.664381717272
826.642607176765
827.421295350803
830.57510196249
836.181798414675
842.565131013621
850.688544650743
860.03255752326
871.40174431774
888.327642258193
907.41886689665
911.662218148805
912.210502022422
912.225301118095
916.329635011331
923.464671766062
933.693739938316
949.648882482363
966.467795635219
992.682225085148
992.810656671251
992.143134834889
991.154881943281
990.599818291928
990.993440947013
991.865414257398
993.799275507886
995.972389175523
997.718397144204
998.894889365242
999.349788612576
998.617043715958
997.314393759561
995.846373694256
994.538586481188
993.521011353056
992.304892661525
990.640701768305
989.064709713171
988.063257084282
987.589489616004
987.374295796685
987.528733759175
987.87752277294
988.316244933776
988.822026453699
989.525643932485
990.907160131564
992.901304259391
995.529005102312
999.870991678426
1006.06411326515
1000.74372343772
992.113400776343
983
973.924535064191
964.763701638904
955.546440525001
947.213809020962
939.486029699218
933.163436917671
930.267703405853
931.242718092335
934.830465913472
939.020234073792
944.094274953513
949.502501313188
953.923477014797
955.540161374706
953.137975321517
946.534732590411
938.443392006145
931.304461494736
925.611149457481
923.300601104537
930.008064481164
942.62771018043
938.150840750036
931.411831576129
930.126335505022
932.685906401507
937.028814925133
939.468998956325
942.566178047993
944.880415714073
945.582889016082
944.656022052472
942.894479780214
940.517410790465
937.739835988639
934.694067596452
931.487520045223
929.200193715003
928.528944083059
928.53702134056
928.517635804512
928.541867661335
928.498788367545
928.404006884934
928.307061267984
928.294134420766
927.930493086632
927.413068702399
927.238912039395
927.147776786419
927.104632714129
927.10247545781
907.924556337144
878.89931163928
849.150163398677
821.829666050088
803.056660516554
790.70538128939
782.697259481595
778.45423757598
777.685026215627
781.633545851251
789.796176237895
802.008728132057
813.206615811751
826.893584447237
844.107220677563
843.629065407303
841.519459073883
839.635039764301
814.322417719173
785.877853104412
767.040416145069
756.653157001278
749.427114534829
747.013386760907
747.099056350629
747.7947579383
746.540019021084
741.516688955818
731.277649049935
717.497038321414
700.630430398224
684.339097231774
672.754784449728
666.182407453094
663.033935783079
662.547356797988
662.707326049743
664.039155472025
663.930719277245
663.930719277245
664.096378547572
664.204787697288
664.312426498255
664.420047861291
664.527651794867
664.635990599366
664.763115703632
664.799969915763
664.799969915763
664.797713594143
664.797713594143
664.798465702201
664.798465702201
664.780414873964
664.231887220118
662.498301884616
658.359324381451
651.18123437335
642.823459435015
632.273674922497
621.320368248137
607.353274462236
589.557461152007
569.910519292283
552.773914001014
539.524790903995
530.251826965264
527.286449664696
526.489316130916
526.579528656403
527.338600900787
527.411603967907
527.658033199534
526.86525791705
523.345965877258
518.104236616533
512.316308543853
506.193638837945
503.594082570477
503.438178925675
502.737506060568
501.635325709823
500.345880366772
498.435552504032
495.480574795824
492.154447302877
488.380998811379
460.380277596684
432.922625881346
416.391642567427
407.890916790261
402.182794261515
397.682033790816
394.135763411543
391.083111371483
388.379968587465
385.775841649007
383.143576221761
381.255819627714
379.994736805656
378.963058885691
377.928564678565
376.911130108942
375.874979215164
374.842633647775
373.80074906292
372.943695482307
373.827500326019
376.879291020348
382.818494851019
390.617459927229
401.401295463779
415.884599378241
432.518207709225
447.472904207618
456.816155581214
462.040041554842
463.206217574851
460.207561867469
454.798856638844
448.71706007238
445.173000079744
439.85906833894
439.594130989029
447.890611645299
461.8560381764
467.93161893593
461.214700546286
441.074823584389
404.539244078989
370.41058300216
343.144284521832
323.876519679955
309.825757483138
304.61779330827
304.478242244007
304.320554678779
303.491350782852
302.4020502576
299.387708498529
296.469222685931
293.920057158405
289.414927051111
271.943008735286
249.705826924403
232.924880594581
223.881665171581
218.648119132089
217.713113982599
222.321838783328
233.452350598575
250.685061381806
273.047614895278
268.207009602657
257.990309895546
252.103153490788
250.864505261306
252.200317208365
255.57973315582
258.154992204296
259.082998284334
259.061768696193
260.762343907244
266.469510451008
279.974998883829
295.276141941742
315.074594342356
336.104150524804
339.77934016064
343.874977280988
346.914975174033
349.808519050065
352.51382951595
353.512376020982
353.150109726728
352.476949600963
352.413109858303
352.866830404899
353.54631945475
354.354342431414
355.166158297775
355.953648667913
356.151653091769
350.041426119824
346.343759868718
339.359691183264
326.205456729344
307.689778835762
287.946175525913
275.065446757676
267.050557011215
262.409984566137
260.342082652805
257.856549267223
255.861290546265
254.662521781278
254.151529603896
254.159398803192
254.552548602445
256.308407977577
260.105747725805
265.736711803243
273.720660528211
284.88594208911
294.847418167431
301.268982804404
304.609586191899
305.376816408843
305.352255599987
305.679570792685
306.918555972102
309.221603385016
313.359218788916
313.103816648728
312.872178373214
313.408678884296
313.995222893598
314.210120779074
313.609629954184
312.625974608637
310.68633700245
306.706700285468
302.087735600107
298.142583338912
292.396990408588
284.74550040343
275.76257904219
264.926404875014
248.797106092495
232.974247503882
223.832526680105
216.245231161291
211.267602816901
210.188011075799
210.188011075799
210.073796557305
209.52326839757
209.200860418881
209.480309337179
209.73077981069
210.052374421238
210.318805626126
210.394866857535
209.93808611112
209.623471968193
209.30838492521
209.363320569769
209.878536301357
210.565904172542
212.162673437153
212.76512872179
212.997652569224
213.637543517051
214.513402844671
215.55509736492
216.829426047296
218.494851197917
222.117086240568
233.475908821446
244.208926945761
244.889771121621
245.418010749008
245.60741031166
245.183604672091
244.595584588111
242.526287235013
240.788288751758
240.863031617556
240.657432879186
240.54105678657
240.147871112779
239.02091958655
236.835385869595
234.435492193482
232.637056377526
230.694603317893
229.109144295901
228.322140844904
228.006578852453
226.742144296114
225.008888713313
223
220.837043993982
219.182572299898
218.442212037875
218.45823399451
219.465259209744
221.503950303375
224.559568934392
230.594882857361
238.312819629998
246.765070461765
259.285556867327
274.657969117956
281.870537658692
282.720710242458
283.624752093325
285.201683024487
286.769942636951
288.223871322276
289.910330964593
290.373896898464
290.922670137616
291.101356918857
291.230149538127
291.518438524907
291.442961829583
291.202678559109
290.955323030874
290.785144049692
290.604542290722
290.480636187681
290.673356192135
291.085897975151
291.458401834636
291.787593978908
292.02054722228
292.143800208048
292.49957264926
292.931732661383
293.382003538049
293.629017639606
292.112991837063
289.186790846332
285.909076456135
283.44488000315
281.790702472598
281.4213922217
281.186770670314
279.760611952433
271.836347827144
264.563791929281
258.528528406441
252.279606785804
249.299017246358
249.42533953069
250.055993729405
251.878939175152
253.511340969196
255.861290546265
258.04069446504
259.715228664012
261.658173959844
262.573799149877
264.282046306593
264.539222044671
264.181755615334
263.772629360971
263.376156855551
263.102641567887
262.864984355087
262.758444203036
262.758444203036
262.857375776294
263.055127302244
263.619043318194
264.104146124214
264.514649877847
265.081119659624
265.71413210441
266.435733339205
267.17035763722
267.910432794246
268.516293732801
269.037172152846
269.274952418527
269.336221106631
269.846252521691
270.438532757446
270.891122039834
270.891122039834
272.569257254005
276.439866878857
282.64819122011
293.315529762745
295.929045549774
290.334290086445
286.324990177246
283.952460809904
283.105987220334
286.048946860498
298.320297666786
