17.4059855351275
18.7192549919694
19.2046416646668
19.4772581008418
19.8057111695391
19.9432091213787
19.9194447895623
19.8548944873331
19.8548944873331
19.8548944873331
19.8548944873331
19.8548944873331
19.8548944873331
19.7607734159321
19.7607734159321
19.7607734159321
19.7607734159321
19.7607734159321
19.7607734159321
19.7607734159321
19.7607734159321
19.7607734159321
19.7607734159321
19.7607734159321
19.7607734159321
19.7607734159321
19.7607734159321
19.7607734159321
19.7607734159321
19.7607734159321
19.7607734159321
19.7607734159321
19.7607734159321
19.7607734159321
20.2527155107853
20.9849382378281
21.5630040742865
21.8281331575302
22.1094833055734
22.3886358982399
22.706810683112
23.0344000889974
23.282797528095
23.5424571331065
23.7564146047924
23.9726807335466
23.9842086460387
24.0455939633945
24.0557426220421
24.0557426220421
24.0557426220421
24.0557426220421
24.0557426220421
24.0557426220421
24.0557426220421
24.0557426220421
24.0557426220421
24.0557426220421
24.0557426220421
24.0557426220421
24.0557426220421
24.0557426220421
24.0557426220421
24.0557426220421
24.0557426220421
24.0557426220421
24.0557426220421
24.0557426220421
24.0557426220421
24.0557426220421
24.0557426220421
24.0557426220421
24.0557426220421
24.0557426220421
24.0557426220421
24.103406088416
24.0929060211877
24.1239732292904
24.1613017452067
24.2087715605794
24.2599749599293
24.3237532568758
24.382997256908
24.4243630198566
24.4996268638882
24.5596684173655
24.6182790979859
24.652608523937
24.6653340061903
24.665437459537
24.665437459537
24.665437459537
24.665437459537
24.665437459537
24.665437459537
24.665437459537
24.665437459537
24.665437459537
24.665437459537
24.665437459537
24.665437459537
24.665437459537
24.665437459537
24.5595457793838
24.5595457793838
24.5595457793838
24.5595457793838
24.5595457793838
24.5595457793838
24.5595457793838
24.6904835582476
24.6904835582476
24.6904835582476
24.8170122383287
24.8170122383287
24.8170122383287
24.8872185291143
25.0449396279936
25.2929458012523
25.6476083753199
25.8920809449609
26.2330059715434
26.3133006560341
26.5196180429535
26.5137635194196
26.5674898673005
26.4555008600704
26.4555008600704
26.4555008600704
26.4555008600704
26.4555008600704
26.4555008600704
26.4555008600704
26.4555008600704
26.4555008600704
26.4555008600704
26.4555008600704
26.4555008600704
26.4555008600704
26.4555008600704
26.4555008600704
26.4555008600704
26.4555008600704
26.4555008600704
26.4555008600704
26.4555008600704
26.4555008600704
26.4555008600704
26.4555008600704
26.4555008600704
26.4555008600704
26.4555008600704
26.4555008600704
26.4555008600704
26.4555008600704
26.4555008600704
26.4555008600704
26.4555008600704
26.4555008600704
26.4555008600704
26.4555008600704
26.4555008600704
26.4555008600704
26.4555008600704
26.4555008600704
26.4555008600704
26.4555008600704
26.4555008600704
26.4555008600704
26.3429821727477
26.3429821727477
26.3429821727477
26.2020432706195
26.2020432706195
26.2020432706195
26.0805023988875
26.0805023988875
26.0805023988875
26.0805023988875
26.0805023988875
26.0805023988875
26.0805023988875
26.0805023988875
26.0805023988875
26.0805023988875
26.0805023988875
26.0805023988875
26.0805023988875
26.0805023988875
26.0805023988875
26.0805023988875
26.0805023988875
26.0805023988875
26.0805023988875
26.0805023988875
26.0805023988875
26.0805023988875
26.0805023988875
26.0805023988875
26.0805023988875
26.0805023988875
26.0805023988875
26.0805023988875
26.0805023988875
26.0805023988875
26.0805023988875
26.0805023988875
26.0805023988875
26.0805023988875
26.0805023988875
26.0805023988875
26.0805023988875
26.0805023988875
26.0805023988875
26.0805023988875
26.0805023988875
26.0805023988875
26.0805023988875
26.0805023988875
26.0805023988875
26.0805023988875
26.0805023988875
26.0805023988875
26.0805023988875
26.0805023988875
26.0805023988875
26.0805023988875
26.0805023988875
26.0805023988875
26.0805023988875
26.0805023988875
26.0805023988875
26.0805023988875
26.0805023988875
26.0805023988875
26.0805023988875
26.0805023988875
26.0805023988875
26.0805023988875
26.0805023988875
26.0805023988875
26.0805023988875
26.0805023988875
26.0805023988875
26.0805023988875
26.0805023988875
26.0805023988875
26.0805023988875
26.0805023988875
26.0805023988875
26.0805023988875
26.0805023988875
26.0805023988875
26.0805023988875
26.0805023988875
26.0805023988875
26.0805023988875
26.0805023988875
26.0805023988875
26.0805023988875
26.0805023988875
26.0805023988875
26.0805023988875
26.0805023988875
26.0805023988875
26.0805023988875
26.0805023988875
26.0805023988875
26.0805023988875
26.0805023988875
26.0805023988875
26.0805023988875
26.0805023988875
26.0805023988875
26.0805023988875
26.0805023988875
26.0805023988875
26.0805023988875
26.0805023988875
26.0805023988875
26.0805023988875
26.0805023988875
26.0805023988875
26.0805023988875
26.0805023988875
26.0805023988875
26.0805023988875
26.0805023988875
26.0805023988875
26.0805023988875
26.0805023988875
26.0805023988875
26.0805023988875
26.0805023988875
26.0805023988875
26.0805023988875
26.0805023988875
26.0805023988875
26.0805023988875
26.0805023988875
26.0805023988875
26.0805023988875
26.0805023988875
26.0805023988875
26.0805023988875
26.0805023988875
26.0805023988875
26.0805023988875
26.0805023988875
26.0805023988875
26.0805023988875
26.0805023988875
26.0805023988875
26.0805023988875
26.0805023988875
26.0805023988875
26.0805023988875
26.0805023988875
26.0805023988875
26.0805023988875
26.0805023988875
26.0805023988875
26.0805023988875
26.0805023988875
26.0805023988875
26.0805023988875
26.0805023988875
26.0805023988875
26.0805023988875
26.0805023988875
26.0805023988875
26.0805023988875
26.0805023988875
26.0805023988875
26.0805023988875
26.0805023988875
26.0805023988875
26.0805023988875
26.0805023988875
26.0805023988875
26.0805023988875
26.0805023988875
26.0805023988875
26.0805023988875
26.0805023988875
26.0805023988875
26.0805023988875
26.0805023988875
26.0805023988875
26.0805023988875
26.0805023988875
26.0805023988875
26.0805023988875
26.0805023988875
26.0805023988875
26.0805023988875
26.0805023988875
26.0805023988875
26.0805023988875
26.0805023988875
26.0805023988875
26.0805023988875
26.0805023988875
26.0805023988875
26.0805023988875
26.0805023988875
26.0805023988875
26.0805023988875
26.0805023988875
26.0805023988875
26.0805023988875
26.0805023988875
26.0805023988875
26.0805023988875
26.0805023988875
26.0805023988875
26.0805023988875
26.0805023988875
26.0805023988875
26.0805023988875
26.0805023988875
26.0805023988875
26.0805023988875
26.0805023988875
26.0805023988875
26.0805023988875
26.0805023988875
26.0805023988875
26.0805023988875
26.0805023988875
26.0805023988875
26.0805023988875
26.0805023988875
26.0805023988875
26.0805023988875
26.0805023988875
26.0805023988875
26.0805023988875
26.0805023988875
26.0805023988875
26.0805023988875
26.0805023988875
26.0805023988875
26.0805023988875
26.0805023988875
26.0805023988875
26.0805023988875
26.0805023988875
26.0805023988875
26.0805023988875
26.0805023988875
26.0805023988875
26.0805023988875
26.0805023988875
26.0805023988875
26.0805023988875
26.0805023988875
26.0805023988875
26.0805023988875
26.0805023988875
26.0805023988875
25.9844044857387
25.9844044857387
25.9844044857387
25.9844044857387
25.9844044857387
25.9844044857387
25.9844044857387
25.9844044857387
25.9844044857387
25.9844044857387
25.9844044857387
25.9844044857387
25.9844044857387
25.9844044857387
25.9844044857387
25.9844044857387
25.9844044857387
25.9844044857387
25.9844044857387
25.9844044857387
25.9844044857387
25.9844044857387
25.9844044857387
25.9844044857387
25.9844044857387
25.9844044857387
25.9844044857387
25.9844044857387
25.9844044857387
25.9844044857387
25.9844044857387
25.9844044857387
25.9844044857387
25.9844044857387
25.9844044857387
25.9844044857387
25.9844044857387
25.9844044857387
25.9844044857387
25.9844044857387
25.9844044857387
26.1321646197351
26.2856283770421
26.3456680211477
26.5086427498359
26.5811301943052
26.4588407879909
26.4588407879909
26.4588407879909
26.4588407879909
26.4588407879909
26.4588407879909
26.4588407879909
26.4588407879909
26.4588407879909
26.4588407879909
26.4588407879909
26.4588407879909
26.4588407879909
26.4588407879909
26.4588407879909
26.4588407879909
26.4588407879909
26.4588407879909
26.4588407879909
26.4588407879909
26.4588407879909
26.4588407879909
26.4588407879909
26.4588407879909
26.4588407879909
26.4588407879909
26.4588407879909
26.4588407879909
26.4588407879909
26.4588407879909
26.4588407879909
26.4588407879909
26.4588407879909
26.4588407879909
26.4588407879909
26.4588407879909
26.4588407879909
26.4588407879909
26.4588407879909
26.4588407879909
26.3257555435391
26.3257555435391
26.3257555435391
26.1729568412766
26.1729568412766
26.1729568412766
26.1729568412766
26.1729568412766
26.1729568412766
26.1729568412766
26.0651093485682
26.0651093485682
26.0651093485682
26.0651093485682
26.0651093485682
26.0651093485682
26.0651093485682
26.0651093485682
26.0651093485682
26.0651093485682
26.0651093485682
26.0651093485682
26.0651093485682
26.0651093485682
26.0651093485682
26.0651093485682
26.0651093485682
26.0651093485682
26.0651093485682
26.0651093485682
26.0651093485682
26.0651093485682
26.0651093485682
26.0651093485682
26.0651093485682
26.0651093485682
26.0651093485682
26.0651093485682
26.0651093485682
26.0651093485682
26.0651093485682
26.0651093485682
26.0651093485682
26.0651093485682
26.0651093485682
26.0651093485682
26.0651093485682
26.0651093485682
26.0651093485682
26.0651093485682
26.0651093485682
26.0651093485682
26.0651093485682
26.0651093485682
26.0651093485682
26.0651093485682
26.0651093485682
26.0651093485682
26.0651093485682
26.0651093485682
26.0651093485682
26.0651093485682
26.0651093485682
26.0651093485682
26.0651093485682
26.0651093485682
26.0651093485682
26.0651093485682
26.0651093485682
26.0651093485682
26.0651093485682
26.0651093485682
26.0651093485682
26.1773520915
26.1773520915
26.1773520915
26.1773520915
26.1773520915
26.1773520915
26.1773520915
26.1773520915
26.1773520915
26.1773520915
26.1773520915
26.1773520915
26.1773520915
26.1773520915
26.1773520915
26.1773520915
26.1773520915
26.1773520915
26.1773520915
26.1773520915
26.1773520915
26.1773520915
26.1773520915
26.1773520915
26.1773520915
26.1773520915
26.1773520915
26.1773520915
26.1773520915
26.1773520915
26.1773520915
26.1773520915
26.1773520915
26.1773520915
26.1773520915
26.1773520915
26.1773520915
26.1773520915
26.1773520915
26.1773520915
26.1773520915
26.1773520915
26.1773520915
26.1773520915
26.1773520915
26.1773520915
26.1773520915
26.1773520915
26.1773520915
26.1773520915
26.1773520915
26.1773520915
26.1773520915
26.1773520915
26.1773520915
26.1773520915
26.1773520915
26.1773520915
26.1773520915
26.1773520915
26.1773520915
26.1773520915
26.1773520915
26.1773520915
26.1773520915
26.1773520915
26.1773520915
26.1773520915
26.1773520915
26.0705186699189
26.0705186699189
26.0705186699189
26.0705186699189
26.0705186699189
26.0705186699189
26.0705186699189
26.0705186699189
26.0705186699189
26.0705186699189
26.0705186699189
26.0705186699189
26.0705186699189
26.0705186699189
26.0705186699189
26.0705186699189
26.0705186699189
26.0705186699189
26.0705186699189
26.0705186699189
26.0705186699189
26.0705186699189
26.0705186699189
26.0705186699189
26.0705186699189
26.0705186699189
26.0705186699189
26.0705186699189
26.0705186699189
26.0705186699189
26.0705186699189
26.0705186699189
26.0705186699189
26.0705186699189
26.0705186699189
26.0705186699189
26.0705186699189
26.0705186699189
26.0705186699189
25.9459696843769
25.9459696843769
25.9459696843769
25.834748509613
25.834748509613
25.834748509613
25.727951032582
25.727951032582
25.727951032582
25.727951032582
25.727951032582
25.727951032582
25.727951032582
25.727951032582
25.727951032582
25.727951032582
25.727951032582
25.727951032582
25.727951032582
25.727951032582
25.727951032582
25.727951032582
25.727951032582
25.727951032582
25.727951032582
25.727951032582
25.727951032582
25.727951032582
25.727951032582
25.727951032582
25.727951032582
25.727951032582
25.727951032582
25.727951032582
25.727951032582
25.727951032582
25.727951032582
25.727951032582
25.727951032582
25.727951032582
25.727951032582
25.727951032582
25.727951032582
25.727951032582
25.727951032582
25.727951032582
25.727951032582
25.727951032582
25.727951032582
25.727951032582
25.727951032582
25.727951032582
25.727951032582
25.727951032582
25.727951032582
25.727951032582
25.727951032582
25.727951032582
25.727951032582
25.727951032582
25.727951032582
25.727951032582
25.727951032582
25.727951032582
25.727951032582
25.727951032582
25.727951032582
25.727951032582
25.727951032582
25.727951032582
25.727951032582
25.727951032582
25.727951032582
25.727951032582
25.727951032582
25.727951032582
25.727951032582
25.727951032582
25.727951032582
25.727951032582
25.727951032582
25.727951032582
25.727951032582
25.727951032582
25.727951032582
25.727951032582
25.727951032582
25.727951032582
25.727951032582
25.727951032582
25.727951032582
25.727951032582
25.727951032582
25.727951032582
25.727951032582
25.727951032582
25.727951032582
25.727951032582
25.727951032582
25.612387917364
25.612387917364
25.612387917364
25.612387917364
25.612387917364
25.612387917364
25.612387917364
25.612387917364
25.612387917364
25.612387917364
25.612387917364
25.612387917364
25.612387917364
25.612387917364
25.612387917364
25.612387917364
25.612387917364
25.612387917364
25.612387917364
25.612387917364
25.612387917364
25.612387917364
25.612387917364
25.612387917364
25.612387917364
25.612387917364
25.612387917364
25.612387917364
25.612387917364
25.612387917364
25.612387917364
25.612387917364
25.612387917364
25.612387917364
25.612387917364
25.612387917364
25.612387917364
25.612387917364
25.612387917364
25.612387917364
25.612387917364
25.612387917364
25.4964168754261
25.4964168754261
25.4964168754261
25.4964168754261
25.3651796795266
25.3651796795266
25.3651796795266
25.3651796795266
25.3651796795266
25.3651796795266
25.3651796795266
25.3651796795266
25.3651796795266
25.3651796795266
25.3651796795266
25.3651796795266
25.3651796795266
25.3651796795266
25.3651796795266
25.3651796795266
25.3651796795266
25.3651796795266
25.3651796795266
25.3651796795266
25.3651796795266
25.3651796795266
25.3651796795266
25.3651796795266
25.3651796795266
25.3651796795266
25.3651796795266
25.3651796795266
25.3651796795266
25.3651796795266
25.3651796795266
25.3651796795266
25.3651796795266
25.3651796795266
25.3651796795266
25.3651796795266
25.3651796795266
25.3651796795266
25.3651796795266
25.3651796795266
25.25991600337
25.25991600337
25.25991600337
25.25991600337
25.1564586359146
25.1564586359146
25.1564586359146
25.1564586359146
25.1564586359146
25.1564586359146
25.1564586359146
25.1564586359146
25.1564586359146
25.1564586359146
25.1564586359146
25.1564586359146
25.1564586359146
25.1564586359146
25.1564586359146
25.1564586359146
25.1564586359146
25.1564586359146
25.1564586359146
25.1564586359146
25.1564586359146
25.1564586359146
25.1564586359146
25.1564586359146
25.1564586359146
25.1564586359146
25.1564586359146
25.1564586359146
25.1564586359146
25.1564586359146
25.1564586359146
25.1564586359146
25.1564586359146
25.1564586359146
25.1564586359146
25.1564586359146
25.1564586359146
24.981588607177
24.9560754752024
24.9560754752024
24.9560754752024
24.9560754752024
24.9560754752024
24.9560754752024
24.9560754752024
24.9560754752024
24.9560754752024
24.9560754752024
24.9560754752024
24.9560754752024
24.9560754752024
24.9560754752024
24.9560754752024
24.9560754752024
24.9560754752024
24.9560754752024
24.9560754752024
24.9560754752024
24.9560754752024
24.9560754752024
24.9560754752024
24.9560754752024
24.9560754752024
24.9560754752024
24.9560754752024
24.9560754752024
24.9560754752024
24.9560754752024
24.9560754752024
24.9560754752024
24.9560754752024
24.9560754752024
24.9560754752024
24.9560754752024
24.9560754752024
24.8599240163417
24.6305707604276
24.3017926448698
24.1293966977314
23.7782028652387
23.6185442374096
23.610881398653
23.6067221201683
23.6060126048578
23.6060126048578
23.6060126048578
23.6060126048578
23.6060126048578
23.6060126048578
23.6060126048578
23.6060126048578
23.6060126048578
23.6060126048578
23.6060126048578
23.6060126048578
23.6060126048578
23.6058873940599
23.6058317446032
23.6056091454644
23.6055534953517
23.6055395828031
23.6053308935891
23.6022142484699
23.5728781382534
23.3409705757735
23.1033811385386
22.9886372741571
22.9886372741571
22.9886372741571
22.9886372741571
22.9886372741571
22.9886372741571
22.9886372741571
22.9886372741571
22.9886372741571
22.9886372741571
22.9487093371028
22.7507652993959
22.356689211773
22.1762198042458
22.1218866707547
22.1218866707547
22.1218866707547
22.1218866707547
22.1218866707547
22.1218866707547
22.1218866707547
22.1218866707547
22.1218866707547
22.1218866707547
22.1218866707547
22.1218866707547
22.1218866707547
22.1218866707547
22.1218866707547
22.1218866707547
22.1218866707547
22.1218866707547
22.1218425274662
22.1200767236896
22.1085366683177
22.0731577177163
21.9990629146045
21.9990629146045
21.9990629146045
21.9990629146045
21.9990629146045
21.9990629146045
21.9990629146045
21.9990629146045
21.9990629146045
21.9990629146045
21.9990629146045
21.9990629146045
21.9990629146045
21.9990629146045
21.9990629146045
21.9990629146045
21.9990629146045
21.9990629146045
21.9990629146045
21.9990629146045
21.9990629146045
21.9990629146045
21.9990629146045
21.9990629146045
21.9990629146045
21.9990629146045
21.9990629146045
21.9990629146045
21.9990629146045
21.9990629146045
21.9990629146045
21.9990629146045
21.9990629146045
21.9990629146045
21.9990629146045
21.9990629146045
21.9990629146045
21.9990629146045
21.9990629146045
21.9990629146045
21.9990629146045
21.9990629146045
21.9990629146045
21.9990629146045
21.9990629146045
21.9990629146045
21.9990629146045
21.9990629146045
21.9990629146045
21.9990629146045
21.9990629146045
21.9990629146045
21.9990629146045
21.9990629146045
21.9990629146045
21.9990629146045
21.9139854999235
21.9139854999235
21.9139854999235
21.9139854999235
21.9139854999235
21.8131910356601
21.8131910356601
21.8131910356601
21.8131910356601
21.8131910356601
21.8131910356601
21.8131910356601
21.8131910356601
21.8131910356601
21.8131910356601
21.8131910356601
21.8131910356601
21.8131910356601
21.8131910356601
21.8131910356601
21.8131910356601
21.8131910356601
21.8131910356601
21.8131910356601
21.8131910356601
21.8131910356601
21.8131910356601
21.8131910356601
21.8131910356601
21.8131910356601
21.8131910356601
21.8131910356601
21.8131910356601
21.8131910356601
21.8131910356601
21.8131910356601
21.8131910356601
21.8131910356601
21.8131910356601
21.8131910356601
21.8131910356601
21.8131910356601
21.8131910356601
21.8131910356601
21.7156064680706
21.7156064680706
21.7156064680706
21.7156064680706
21.6231995020468
21.6231995020468
21.6231995020468
21.6231995020468
21.6231995020468
21.6231995020468
21.6231995020468
21.6231995020468
21.6231995020468
21.6231995020468
21.6231995020468
21.6231995020468
21.6231995020468
21.6231995020468
21.6231995020468
21.6231995020468
21.6231995020468
21.6231995020468
21.6231995020468
21.6231995020468
21.6231995020468
21.6231995020468
21.6231995020468
21.6231995020468
21.6231995020468
21.6231995020468
21.6231995020468
21.6231995020468
21.6231995020468
21.6231995020468
21.6231995020468
21.6231995020468
21.6231995020468
21.6231995020468
21.6231995020468
21.6231995020468
21.6231995020468
21.6231995020468
21.6231995020468
21.6231995020468
21.6231995020468
21.5235397984694
21.5235397984694
21.5235397984694
21.5235397984694
21.4374331690231
21.4374331690231
21.4374331690231
21.4374331690231
21.4374331690231
21.4374331690231
21.4374331690231
21.4374331690231
21.4374331690231
21.4374331690231
21.4374331690231
21.4374331690231
21.4374331690231
21.4374331690231
21.4374331690231
21.4374331690231
21.4374331690231
21.4374331690231
21.4374331690231
21.4374331690231
21.4374331690231
21.4374331690231
21.4374331690231
21.4374331690231
21.4374331690231
21.4374331690231
21.4374331690231
21.4374331690231
21.4374331690231
21.4374331690231
21.4374331690231
21.4374331690231
21.4374331690231
21.4374331690231
21.4374331690231
21.3438691400822
21.3438691400822
21.3438691400822
21.3438691400822
21.256133059704
21.256133059704
21.256133059704
21.256133059704
21.256133059704
21.256133059704
21.256133059704
21.256133059704
21.256133059704
21.256133059704
21.256133059704
21.256133059704
21.256133059704
21.256133059704
21.256133059704
21.256133059704
21.256133059704
21.256133059704
21.256133059704
21.256133059704
21.256133059704
21.256133059704
21.256133059704
21.256133059704
21.256133059704
21.256133059704
21.256133059704
21.256133059704
21.256133059704
21.256133059704
21.1723301462194
21.1723301462194
21.0816269978673
21.0816269978673
20.989131831242
20.9485356091359
20.8105313593642
20.7470731461965
20.6847847613289
20.6847847613289
20.544607178252
20.4954876597488
20.457030972493
20.4281409471959
20.4075720469413
20.4013973329985
20.3956068409026
20.3904011436583
20.3813309028088
20.3813309028088
20.3813309028088
20.3813309028088
20.3813309028088
20.3813309028088
20.3813309028088
20.3813309028088
20.3813309028088
20.3813309028088
20.3813309028088
20.3813309028088
20.3813309028088
20.3813309028088
20.3813309028088
20.258355619614
20.1316306656033
20.0950901532764
20.0950901532764
19.8946475143168
19.6888617305317
19.5255394349311
19.5255394349311
19.4499326657338
19.4022206767419
19.4022206767419
19.4022206767419
19.4022206767419
19.4022206767419
19.3246384244051
19.3067091427676
19.1865262510808
18.9001815300161
18.8391888841779
18.7669046810828
18.7669046810828
18.7669046810828
18.6767064949466
18.6767064949466
18.6767064949466
18.6767064949466
18.6767064949466
18.6767064949466
18.6767064949466
18.6767064949466
18.6767064949466
18.6767064949466
18.6767064949466
18.6767064949466
18.6767064949466
18.6767064949466
18.6766914253998
18.6766311470912
18.6748076362924
18.662143641076
18.6244173395398
18.5393549431415
18.411391364698
18.2193828591987
18.0075671773567
17.7476957811754
17.7032240755237
17.4824650964634
17.2543029727104
17.2543029727104
17.0585103152351
17.0585103152351
17.0585103152351
17.0585103152351
17.0585103152351
17.0585103152351
17.0585103152351
17.0585103152351
17.0585103152351
17.0585103152351
16.9957582151686
16.9957582151686
16.9957582151686
16.9143150875558
16.9143150875558
16.9143150875558
16.8258105443493
16.8258105443493
16.8258105443493
16.7656462469264
16.7656462469264
16.7656462469264
16.7656462469264
16.7656462469264
16.7656462469264
16.7656462469264
16.7656462469264
16.7656462469264
16.7656462469264
16.7656462469264
16.7656462469264
16.7656462469264
16.7656462469264
16.7656462469264
16.7656462469264
16.7656462469264
16.7656462469264
16.7656462469264
16.7656462469264
16.7656462469264
16.7656462469264
16.7656462469264
16.7656462469264
16.7656462469264
16.7656462469264
16.7656462469264
16.7656462469264
16.7656462469264
16.7656462469264
16.7656462469264
16.7656462469264
16.7656462469264
16.7656462469264
16.7656462469264
16.7656462469264
16.7656462469264
16.7656462469264
16.7656462469264
16.7656462469264
16.7656462469264
16.7656462469264
16.7656462469264
16.6962225265246
16.6962225265246
16.6962225265246
16.6962225265246
16.6962225265246
16.6962225265246
16.6962225265246
16.6962225265246
16.6962225265246
16.6962225265246
16.6962225265246
16.6962225265246
16.6962225265246
16.6962225265246
16.6962225265246
16.6962225265246
16.6962225265246
16.6962225265246
16.6962225265246
16.6962225265246
16.6962225265246
16.6962225265246
16.6962225265246
16.6962225265246
16.6962225265246
16.6962225265246
16.6962225265246
16.6962225265246
16.6962225265246
16.6962225265246
16.6962225265246
16.6962225265246
16.6962225265246
16.6962225265246
16.6962225265246
16.6962225265246
16.6962225265246
16.6962225265246
16.6962225265246
16.6962225265246
16.6962225265246
16.6962225265246
16.6962225265246
16.6962225265246
16.6962225265246
16.6962225265246
16.6962225265246
16.6962225265246
16.6962225265246
16.6962225265246
16.6962225265246
16.6962225265246
16.6962225265246
16.6962225265246
16.6962225265246
16.6962225265246
16.6962225265246
16.6962225265246
16.6962225265246
16.6962225265246
16.6962225265246
16.6962225265246
16.6962225265246
16.6962225265246
16.6962225265246
16.6962225265246
16.6962225265246
16.6962225265246
16.6962225265246
16.6962225265246
16.6962225265246
16.6962225265246
16.6962225265246
16.6962225265246
16.6962225265246
16.6962225265246
16.6962225265246
16.6962225265246
16.6962225265246
16.6962225265246
16.6962225265246
16.6962225265246
16.6962225265246
16.6962225265246
16.6962225265246
16.6962225265246
16.6962225265246
16.6962225265246
16.6962225265246
16.6962225265246
16.6962225265246
16.6962225265246
16.6962225265246
16.6962225265246
16.6962225265246
16.6962225265246
16.6962225265246
16.6962225265246
16.6962225265246
16.6962225265246
16.6298032689478
16.6298032689478
16.6298032689478
16.5696478574372
16.546769139455
16.5238032448783
16.5038542228286
16.5038542228286
16.5038542228286
16.5038542228286
16.5038542228286
16.5038542228286
16.5038542228286
16.5038542228286
16.5038542228286
16.5038542228286
16.5038542228286
16.5038542228286
16.5038542228286
16.5038542228286
16.5038542228286
16.5038542228286
16.5038542228286
16.5038542228286
16.5038542228286
16.5038542228286
16.5038542228286
16.5038542228286
16.5038542228286
16.5038542228286
16.5038542228286
16.5038542228286
16.5038542228286
16.5038542228286
16.5038542228286
16.5038542228286
16.5038542228286
16.5038542228286
16.5038542228286
16.5038542228286
16.5038542228286
16.4344901728621
16.4344901728621
16.3881257260115
16.358212210616
16.3263831095804
16.2943417955695
16.2630175524741
16.2314812250337
16.2009933288152
16.1723348508846
16.1723348508846
16.1723348508846
16.1723348508846
16.1723348508846
16.1723348508846
16.1723348508846
16.1723348508846
16.1723348508846
16.1723348508846
16.1723348508846
16.1723348508846
16.1723348508846
16.1723348508846
16.1723348508846
16.1723348508846
16.1723348508846
16.1723348508846
16.1723348508846
16.1723348508846
16.1723348508846
16.1723348508846
16.1723348508846
16.1723348508846
16.1723348508846
16.1723348508846
16.1723348508846
16.1723348508846
16.1723348508846
16.1723348508846
16.1723348508846
16.1723348508846
16.1723348508846
16.1723348508846
16.1723348508846
16.1723348508846
16.1109319690505
16.1109319690505
16.0777360125366
16.0516897744349
16.0230914312592
15.9942781907746
15.9656472358328
15.9391927089851
15.9194033919185
15.9194033919185
15.9194033919185
15.9194033919185
15.9194033919185
15.9194033919185
15.9194033919185
15.9194033919185
15.9194033919185
15.9194033919185
15.9194033919185
15.9194033919185
15.9194033919185
15.9194033919185
15.9194033919185
15.9194033919185
15.9194033919185
15.9194033919185
15.9194033919185
15.9194033919185
15.9194033919185
15.9194033919185
15.9194033919185
15.9194033919185
15.9194033919185
15.9194033919185
15.9194033919185
15.9194033919185
15.9194033919185
15.9194033919185
15.9194033919185
15.9194033919185
15.9194033919185
15.9194033919185
15.9194033919185
15.9194033919185
15.9194033919185
15.8562982533652
15.8338190323791
15.8111781066643
15.788310748499
15.7659765691174
15.7449897748267
15.7449897748267
15.7449897748267
15.7449897748267
15.7449897748267
15.7449897748267
15.7449897748267
15.7449897748267
15.7449897748267
15.7449897748267
15.7449897748267
15.7449897748267
15.7449897748267
15.7449897748267
15.7449897748267
15.7449897748267
15.7449897748267
15.7449897748267
15.7449897748267
15.7449897748267
15.7449897748267
15.7449897748267
15.6940032781483
15.6940032781483
15.6940032781483
15.6940032781483
15.6940032781483
15.6940032781483
15.6940032781483
15.6940032781483
15.6940032781483
15.6940032781483
15.6940032781483
15.6940032781483
15.6940032781483
15.6940032781483
15.6940032781483
15.6940032781483
15.6940032781483
15.6940032781483
15.6940032781483
15.6940032781483
15.6374374504274
15.6374374504274
15.6374374504274
15.6374374504274
15.6374374504274
15.6374374504274
15.6374374504274
15.6374374504274
15.6374374504274
15.6374374504274
15.6374374504274
15.6374374504274
15.6374374504274
15.6374374504274
15.6374374504274
15.6374374504274
15.6374374504274
15.6374374504274
15.6374374504274
15.6374374504274
15.6374374504274
15.6374374504274
15.6374374504274
15.6374374504274
15.6374374504274
15.6374374504274
15.6374374504274
15.6374374504274
15.6374374504274
15.6374374504274
15.6374374504274
15.6374374504274
15.6374374504274
15.6374374504274
15.6374374504274
15.6374374504274
15.6374374504274
15.6374374504274
15.5837587729457
15.5837587729457
15.5837587729457
15.5837587729457
15.5837587729457
15.5227088541032
15.5227088541032
15.5227088541032
15.5227088541032
15.5227088541032
15.5227088541032
15.5227088541032
15.5227088541032
15.5227088541032
15.5227088541032
15.5227088541032
15.5227088541032
15.5227088541032
15.5227088541032
15.5227088541032
15.5227088541032
15.5227088541032
15.5227088541032
15.5227088541032
15.5227088541032
15.5227088541032
15.5227088541032
15.5227088541032
15.5227088541032
15.5227088541032
15.5227088541032
15.5227088541032
15.5227088541032
15.5227088541032
15.5227088541032
15.5227088541032
15.5227088541032
15.5227088541032
15.5227088541032
15.5227088541032
15.5227088541032
15.5227088541032
15.5227088541032
15.5227088541032
15.5227088541032
15.5227088541032
15.5227088541032
15.5227088541032
15.5227088541032
15.4684461727143
15.4684461727143
15.4684461727143
15.4684461727143
15.4172657304056
15.4172657304056
15.4172657304056
15.4172657304056
15.4172657304056
15.4172657304056
15.4172657304056
15.4172657304056
15.4172657304056
15.4172657304056
15.4172657304056
15.4172657304056
15.4172657304056
15.4172657304056
15.4172657304056
15.4172657304056
15.4172657304056
15.4172657304056
15.4172657304056
15.4172657304056
15.4172657304056
15.4172657304056
15.4172657304056
15.4172657304056
15.4172657304056
15.4172657304056
15.4172657304056
15.4172657304056
15.4172657304056
15.4172657304056
15.4172657304056
15.4172657304056
15.4172657304056
15.4172657304056
15.4172657304056
15.4172657304056
15.4172657304056
15.3594606679657
15.3416659311904
15.3157716718307
15.279934251848
15.2352280994474
15.1869765128311
15.1389108452232
15.0919770186185
15.0463705516966
15.0023698442338
14.9592271602769
14.9163547137552
14.8743030773883
14.831783926556
14.7885824615854
14.7463116153075
14.7047831779437
14.663982456249
14.6246513987404
14.5857410378075
14.5473193704436
14.5098542003278
15.0001210404202
15.4351776003223
15.8133595565807
16.151705990218
16.4332570702868
16.6337783767833
16.7186925010887
16.7252954050587
16.7252954050587
16.7252954050587
16.7252954050587
16.7252954050587
16.7252954050587
16.7252954050587
16.7252954050587
16.7252954050587
16.7252954050587
16.7252954050587
16.7252954050587
16.7252954050587
16.7252954050587
16.7252954050587
16.7252954050587
16.7252954050587
16.7252954050587
16.7252954050587
16.7252954050587
16.7252954050587
16.6560677381212
16.6293484178475
16.5731102148023
16.4563476127352
17.1821418397919
18.6887715276241
20.9421836786537
23.5742461782163
26.3511410206168
28.9523257805133
31.4369886703437
33.7491264922844
35.6727575496658
37.249204858684
38.5175262448179
39.5788386926074
40.496206591639
41.2843038961826
41.9636905274471
42.4958301735152
42.9554539499153
43.3423651217575
43.6789584217415
43.9528414940992
44.1809766583763
44.3928669186689
44.5739281045479
44.723065770423
44.8537261397357
44.9671657016737
45.0678752054294
45.1566513190134
45.2301806327938
45.291637398176
45.3446540318636
45.3933622816768
45.4400151668999
45.4815396191195
45.5170922689297
45.5463604719085
45.5686467680952
45.5914697871823
45.6068518263611
45.6185611776126
45.6255959713804
45.6287326660552
45.6303451320515
45.6306119373271
45.6306704987202
45.632101320168
45.6381631257044
45.6499541021938
45.6690967651891
45.6928633267552
45.7186664451953
45.7450625349556
45.7714408111321
45.7974988155685
45.8226542286784
45.8505163622188
45.8768330908506
45.8941753508896
45.9058345848305
45.9137972583194
45.9186067703384
45.9186866971335
45.9186866971335
45.9186866971335
45.9186866971335
45.9186866971335
45.9186866971335
45.9186866971335
45.9186866971335
45.9186866971335
45.9186866971335
45.9186866971335
45.8629331406709
45.8629331406709
45.8629331406709
45.8629331406709
45.8629331406709
45.8629331406709
45.8629331406709
45.8629331406709
45.8629331406709
45.8629331406709
45.8629331406709
45.8629331406709
45.8629331406709
45.8629331406709
45.8629331406709
45.8629331406709
45.8629331406709
45.8629331406709
45.7989923314739
45.7989923314739
45.828421465413
45.8668060012772
45.9038846143769
45.9365372173308
45.9575702000168
45.9591412417537
45.9591412417537
45.9591412417537
45.9591412417537
45.9591412417537
45.9591412417537
45.9591412417537
45.9591412417537
45.9591412417537
45.9591412417537
45.9591412417537
45.9591412417537
45.9591412417537
45.9591412417537
45.9591412417537
45.8888700660854
45.8724279712442
45.8551582678108
45.8380100860596
45.8212668273113
45.8060078189543
45.7949126448971
45.7949126448971
45.7949126448971
45.7949126448971
45.7949126448971
45.7949126448971
45.7949126448971
45.7949126448971
45.7949126448971
45.7949126448971
45.7949126448971
45.7949126448971
45.7949126448971
45.7949126448971
45.7949126448971
45.7949126448971
45.7949126448971
45.7949126448971
45.7949126448971
45.7949126448971
45.7949126448971
45.7949126448971
45.7949126448971
45.7949126448971
45.7949126448971
45.7949126448971
45.7949126448971
45.7949126448971
45.7949126448971
45.7949126448971
45.7949126448971
45.7949126448971
45.7949126448971
45.7359059689131
45.7359059689131
45.7359059689131
45.7359059689131
45.7359059689131
45.7359059689131
45.7359059689131
45.7359059689131
45.7359059689131
45.7359059689131
45.7359059689131
45.7359059689131
45.7359059689131
45.7359059689131
45.7359059689131
45.7359059689131
45.7359059689131
45.7359059689131
45.7359059689131
45.7359059689131
45.7359059689131
45.7359059689131
45.7359059689131
45.7359059689131
45.7359059689131
45.7359059689131
45.7359059689131
45.7359059689131
45.7359059689131
45.7359059689131
45.7359059689131
45.7359059689131
45.7359059689131
45.7359059689131
45.7359059689131
45.7359059689131
45.7359059689131
45.7359059689131
45.7359059689131
45.7359059689131
45.6792927485921
45.6719861372643
45.664625058512
45.664625058512
45.664625058512
45.664625058512
45.664625058512
45.664625058512
45.664625058512
45.664625058512
45.664625058512
45.664625058512
45.664625058512
45.664625058512
45.664625058512
45.664625058512
45.664625058512
45.664625058512
45.664625058512
45.664625058512
45.664625058512
45.664625058512
45.664625058512
45.664625058512
45.664625058512
45.664625058512
45.664625058512
45.664625058512
45.664625058512
45.664625058512
45.664625058512
45.664625058512
45.664625058512
45.664625058512
45.664625058512
45.664625058512
45.664625058512
45.664625058512
45.664625058512
45.664625058512
45.664625058512
45.664625058512
45.664625058512
45.664625058512
45.664625058512
45.664625058512
45.664625058512
45.664625058512
45.664625058512
45.664625058512
45.664625058512
45.596441971127
45.596441971127
45.596441971127
45.596441971127
45.596441971127
45.596441971127
45.596441971127
45.536580251672
45.536580251672
45.536580251672
45.536580251672
45.536580251672
45.536580251672
45.536580251672
45.536580251672
45.536580251672
45.536580251672
45.536580251672
45.536580251672
45.536580251672
45.536580251672
45.536580251672
45.536580251672
45.536580251672
45.536580251672
45.536580251672
45.536580251672
45.536580251672
45.536580251672
45.536580251672
45.536580251672
45.536580251672
45.536580251672
45.536580251672
45.536580251672
45.536580251672
45.536580251672
45.536580251672
45.536580251672
45.536580251672
45.536580251672
45.536580251672
45.536580251672
45.536580251672
45.536580251672
45.536580251672
45.536580251672
45.536580251672
45.536580251672
45.536580251672
45.536580251672
45.536580251672
45.536580251672
45.536580251672
45.536580251672
45.536580251672
45.536580251672
45.536580251672
45.536580251672
45.536580251672
45.536580251672
45.4740323488784
45.4643227524427
45.4501068676642
45.4319633391814
45.4127883270637
45.3938225850182
45.3755956737438
45.3617400010239
45.3531417822092
45.3478514010733
45.3478514010733
45.3478514010733
45.3478514010733
45.3478514010733
45.3478514010733
45.3478514010733
45.3478514010733
45.3478514010733
45.3478514010733
45.3478514010733
45.3478514010733
45.3478514010733
45.3478514010733
45.3478514010733
45.3478514010733
45.3478514010733
45.3478514010733
45.3478514010733
45.3478514010733
45.3478514010733
45.3478514010733
45.3478514010733
45.3478514010733
45.3478514010733
45.3478514010733
45.3478514010733
45.3478514010733
45.3478514010733
45.3478514010733
45.3478514010733
45.3478514010733
45.3478514010733
45.3478514010733
45.3478514010733
45.3478514010733
45.3478514010733
45.3183356335551
45.3094778410805
45.2992756952835
45.287930655739
45.2727853077854
45.2554183441306
45.2374671680933
45.2196101010572
45.2017412815269
45.1841743928136
45.1721211756754
45.166933782695
45.166933782695
45.166933782695
45.166933782695
45.166933782695
45.166933782695
45.166933782695
45.166933782695
45.166933782695
45.166933782695
45.166933782695
45.166933782695
45.166933782695
45.166933782695
45.166933782695
45.166933782695
45.166933782695
45.166933782695
45.166933782695
45.166933782695
45.166933782695
45.166933782695
45.166933782695
45.166933782695
45.166933782695
45.166933782695
45.166933782695
45.166933782695
45.166933782695
45.166933782695
45.166933782695
45.166933782695
45.166933782695
45.166933782695
45.166933782695
45.166933782695
45.166933782695
45.166933782695
45.166933782695
45.166933782695
45.166933782695
45.166933782695
45.166933782695
45.166933782695
45.166933782695
45.166933782695
45.166933782695
45.166933782695
45.166933782695
45.166933782695
45.1015492238702
45.1015492238702
45.076661311606
45.076661311606
45.076661311606
45.076661311606
45.076661311606
45.076661311606
45.0164548897087
45.0164548897087
45.0164548897087
45.0164548897087
45.0164548897087
45.0164548897087
45.0164548897087
45.0164548897087
45.0164548897087
45.0164548897087
45.0164548897087
45.0164548897087
45.0164548897087
45.0164548897087
45.0164548897087
45.0164548897087
45.0164548897087
45.0164548897087
45.0164548897087
45.0164548897087
45.0164548897087
45.0164548897087
45.0164548897087
45.0164548897087
45.0164548897087
45.0164548897087
45.0164548897087
45.0164548897087
45.0164548897087
45.0164548897087
45.0164548897087
45.0164548897087
45.0164548897087
45.0164548897087
45.0164548897087
45.0164548897087
45.0164548897087
45.0164548897087
45.0164548897087
45.0164548897087
45.0164548897087
45.0164548897087
45.0164548897087
45.0164548897087
45.0164548897087
45.0164548897087
45.0164548897087
45.0164548897087
45.0164548897087
45.0164548897087
45.0164548897087
45.0164548897087
45.0164548897087
45.0164548897087
45.0164548897087
45.0164548897087
45.0164548897087
45.0164548897087
45.0164548897087
45.0164548897087
45.0164548897087
45.0164548897087
45.0164548897087
45.0164548897087
45.0164548897087
45.0164548897087
45.0164548897087
45.0164548897087
45.0164548897087
45.0164548897087
45.0164548897087
45.0164548897087
45.0164548897087
45.0164548897087
45.0164548897087
45.0164548897087
44.9579711296238
44.9579711296238
44.9579711296238
44.9579711296238
44.9579711296238
44.9579711296238
44.9579711296238
44.9579711296238
44.9579711296238
44.9579711296238
44.9579711296238
44.9579711296238
44.9579711296238
44.9579711296238
44.9579711296238
44.9579711296238
44.9579711296238
44.9579711296238
44.9579711296238
44.9579711296238
44.9579711296238
44.9579711296238
44.9579711296238
44.9579711296238
44.9579711296238
44.9579711296238
44.9579711296238
44.9579711296238
44.9579711296238
44.9579711296238
44.9579711296238
44.9579711296238
44.9579711296238
44.9579711296238
44.9579711296238
44.9579711296238
44.9579711296238
44.9579711296238
44.9579711296238
44.9579711296238
44.9579711296238
44.9579711296238
44.9579711296238
44.9579711296238
44.9579711296238
44.9579711296238
44.9579711296238
44.9579711296238
44.9579711296238
44.9579711296238
44.9579711296238
44.9579711296238
44.9579711296238
44.9579711296238
44.9579711296238
44.9579711296238
44.9579711296238
44.9579711296238
44.9579711296238
44.9579711296238
44.8966819737502
44.8966819737502
44.8848055401997
44.8795868210143
44.8795868210143
44.8795868210143
44.8795868210143
44.8795868210143
44.8795868210143
44.8795868210143
44.8795868210143
44.8795868210143
44.8795868210143
44.8795868210143
44.8795868210143
44.8795868210143
44.8795868210143
44.8795868210143
44.8795868210143
44.8795868210143
44.8795868210143
44.8795868210143
44.8795868210143
44.8795868210143
44.8795868210143
44.8795868210143
44.8795868210143
44.8795868210143
44.8795868210143
44.8795868210143
44.8795868210143
44.8795868210143
44.8795868210143
44.8795868210143
44.8795868210143
44.8795868210143
44.8795868210143
44.8795868210143
44.8795868210143
44.8795868210143
44.8795868210143
44.8795868210143
44.8795868210143
44.8795868210143
44.8795868210143
44.8795868210143
44.8795868210143
44.8795868210143
44.8232786042352
44.8232786042352
44.8232786042352
44.8232786042352
44.8232786042352
44.8232786042352
44.8232786042352
44.8232786042352
44.8232786042352
44.8232786042352
44.8232786042352
44.8232786042352
44.8232786042352
44.8232786042352
44.8232786042352
44.8232786042352
44.8232786042352
44.8232786042352
44.8232786042352
44.8232786042352
44.8232786042352
44.8232786042352
44.8232786042352
44.8232786042352
44.8232786042352
44.8232786042352
44.8232786042352
44.8232786042352
44.8232786042352
44.8232786042352
44.8232786042352
44.8232786042352
44.8232786042352
44.8232786042352
44.7885459227295
44.7811917205473
44.7740325132411
44.7667515281726
44.7599330666701
44.7599330666701
44.7599330666701
44.7599330666701
44.7599330666701
44.7599330666701
44.7599330666701
44.7599330666701
44.7599330666701
44.7599330666701
44.7599330666701
44.7599330666701
44.7599330666701
44.7599330666701
44.7599330666701
44.7599330666701
44.7599330666701
44.7599330666701
44.7599330666701
44.7599330666701
44.7599330666701
44.7599330666701
44.7599330666701
44.7599330666701
44.7599330666701
44.7599330666701
44.7599330666701
44.7599330666701
44.7599330666701
44.7599330666701
44.7599330666701
44.7599330666701
44.7599330666701
44.7599330666701
44.7599330666701
44.7599330666701
44.7599330666701
44.7599330666701
44.7599330666701
44.7599330666701
44.7599330666701
44.7599330666701
44.7599330666701
44.7599330666701
44.7599330666701
44.7599330666701
44.7599330666701
44.7045502394883
44.7045502394883
44.7045502394883
44.7045502394883
44.7045502394883
44.7045502394883
44.7045502394883
44.7045502394883
44.7045502394883
44.7045502394883
44.7045502394883
44.7045502394883
44.7045502394883
44.7045502394883
44.7045502394883
44.7045502394883
44.7045502394883
44.7045502394883
44.7045502394883
44.7045502394883
44.7045502394883
44.7045502394883
44.7045502394883
44.7045502394883
44.7045502394883
44.7045502394883
44.7045502394883
44.7045502394883
44.7045502394883
44.7045502394883
44.7045502394883
44.7045502394883
44.7045502394883
44.7045502394883
44.7045502394883
44.7045502394883
44.7045502394883
44.7045502394883
44.7045502394883
44.7045502394883
44.7045502394883
44.7045502394883
44.7045502394883
44.7045502394883
44.7045502394883
44.7045502394883
44.7045502394883
44.7045502394883
44.7045502394883
44.7045502394883
44.7045502394883
44.7045502394883
44.7045502394883
44.7045502394883
44.7045502394883
44.7045502394883
44.7045502394883
44.7045502394883
44.7045502394883
44.7045502394883
44.7045502394883
44.7045502394883
44.7045502394883
44.7045502394883
44.7045502394883
44.7045502394883
44.7045502394883
44.7045502394883
44.7045502394883
44.7045502394883
44.7045502394883
44.6491754810751
44.6491754810751
44.6491754810751
44.6491754810751
44.6491754810751
44.6491754810751
44.6491754810751
44.6491754810751
44.6491754810751
44.6491754810751
44.6491754810751
44.6491754810751
44.6491754810751
44.6491754810751
44.6491754810751
44.6491754810751
44.6491754810751
44.6491754810751
44.6491754810751
44.6491754810751
44.6491754810751
44.6491754810751
44.6491754810751
44.6491754810751
44.6491754810751
44.6491754810751
44.6491754810751
44.6491754810751
44.6491754810751
44.6491754810751
44.6491754810751
44.6491754810751
44.6491754810751
44.6491754810751
44.6491754810751
44.6491754810751
44.6491754810751
44.6491754810751
44.6491754810751
44.6491754810751
44.6491754810751
44.6491754810751
44.6491754810751
44.6491754810751
44.6491754810751
44.6491754810751
44.6491754810751
44.6491754810751
44.6491754810751
44.6491754810751
44.6491754810751
44.6491754810751
44.6491754810751
44.6491754810751
44.6491754810751
44.6491754810751
44.6491754810751
44.6491754810751
44.6491754810751
44.6491754810751
44.6491754810751
44.6491754810751
44.6491754810751
44.6491754810751
44.6491754810751
44.6491754810751
44.6491754810751
44.6491754810751
44.6491754810751
44.6491754810751
44.6491754810751
44.6491754810751
44.6491754810751
44.6491754810751
44.6491754810751
44.6491754810751
44.6491754810751
44.6491754810751
44.6491754810751
44.5957409804747
44.5957409804747
44.5957409804747
44.5957409804747
44.5957409804747
44.5957409804747
44.5957409804747
44.5957409804747
44.5957409804747
44.5957409804747
44.5957409804747
44.5957409804747
44.5957409804747
44.5957409804747
44.5957409804747
44.5957409804747
44.5957409804747
44.5685037189081
44.5613245043123
44.5539874959522
44.5472274151257
44.5408755902677
44.5360771162732
44.5360771162732
44.5360771162732
44.5360771162732
44.5360771162732
44.5360771162732
44.5360771162732
44.5360771162732
44.5360771162732
44.5360771162732
44.5360771162732
44.5360771162732
44.5360771162732
44.5360771162732
44.5360771162732
44.5360771162732
44.5360771162732
44.5360771162732
44.5360771162732
44.5360771162732
44.5360771162732
44.5360771162732
44.5360771162732
44.5360771162732
44.5360771162732
44.5360771162732
44.5360771162732
44.5360771162732
44.5360771162732
44.5360771162732
44.5360771162732
44.5360771162732
44.5360771162732
44.5360771162732
44.5360771162732
44.5360771162732
44.5360771162732
44.5360771162732
44.5360771162732
44.5360771162732
44.5360771162732
44.5360771162732
44.5360771162732
44.5360771162732
44.5360771162732
44.5360771162732
44.5360771162732
44.5360771162732
44.5360771162732
44.5360771162732
44.5360771162732
44.5360771162732
44.5360771162732
44.5360771162732
44.5360771162732
44.5360771162732
44.5360771162732
44.5360771162732
44.5360771162732
44.5360771162732
44.5360771162732
44.5360771162732
44.4750423559611
44.4750423559611
44.4531815214626
44.4267458605353
44.3896532086013
44.3424727214621
44.2793029710518
44.202421847498
44.1097169479432
43.9928930822555
43.8584796194165
43.7179115899148
43.5755389404745
43.4341248389548
43.2943192462299
43.1567672333311
43.0212652513715
42.8938167883023
42.7871656740262
42.7032273744268
42.6482642259174
42.6158197623243
42.5956794717205
42.584685851626
42.584685851626
42.584685851626
42.584685851626
42.584685851626
42.584685851626
42.584685851626
42.584685851626
42.584685851626
42.584685851626
42.584685851626
42.584685851626
42.584685851626
42.584685851626
42.584685851626
42.584685851626
42.584685851626
42.584685851626
42.584685851626
42.584685851626
42.584685851626
42.584685851626
42.584685851626
42.584685851626
42.584685851626
42.584685851626
42.584685851626
42.584685851626
42.584685851626
42.584685851626
42.584685851626
42.584685851626
42.584685851626
42.584685851626
42.584685851626
42.584685851626
42.584685851626
42.584685851626
42.584685851626
42.584685851626
42.584685851626
42.584685851626
42.584685851626
42.584685851626
42.584685851626
42.584685851626
42.5439021619235
42.5371302958051
42.5280833226623
42.514817832399
42.4975085486404
42.477115899146
42.4536809861948
42.4298754540627
42.4061351800608
42.3823616108707
42.3582062879896
42.3338161060082
42.3093551746766
42.2881259970133
42.2726397293167
42.2726397293167
42.2666511968602
42.2597773423622
42.2528771844941
42.2452619363772
42.2406047423619
42.2368572019544
42.2356604383346
42.2356604383346
42.2356604383346
42.2313210984797
42.2216794122456
42.2065741664819
42.1883540264404
42.173713108512
42.1659912905488
42.1454417798535
42.1185679406722
42.096582071805
42.0819052739079
42.0703923834923
42.0585750971415
42.0491112847403
42.043144698737
42.0181895933576
41.9783459092967
41.9424922892128
41.9127169979331
41.8898316236756
41.8738339624086
41.8618245549477
41.8541977458323
41.8518863893908
41.8518863893908
41.8518863893908
41.8504370584979
41.845936184716
41.8371897233671
41.8229204435535
41.8074913607674
41.792005656098
41.7781810209992
41.7596505387964
41.7456415309522
41.7357266941185
41.7346557986175
41.7346557986175
41.7346557986175
41.7346557986175
41.6813790071944
41.6813790071944
41.6813790071944
41.6813790071944
41.6813790071944
41.6813790071944
41.6813790071944
41.6813790071944
41.6813790071944
41.6813790071944
41.6771770226156
41.6612796602857
41.620291556492
41.5317469523951
41.3720406463986
41.1084634849082
40.7179428694
40.2056216159413
39.557363285985
38.7480550699051
37.7919126587833
36.8087295174491
35.8263016871913
34.8664544703227
33.9617771263284
33.4449816781269
33.4449816781269
33.4449816781269
33.4449816781269
33.4449816781269
33.4449816781269
33.4449816781269
33.4449816781269
33.4449816781269
33.4449816781269
33.4449816781269
33.4449816781269
33.4449816781269
33.4449816781269
33.4449816781269
33.4449816781269
33.4449816781269
33.4449816781269
33.4449816781269
33.4449816781269
33.4449816781269
33.4449816781269
33.4449816781269
33.4449816781269
33.4449816781269
33.4449816781269
33.4449816781269
33.4449816781269
33.4449816781269
33.4449816781269
33.4449816781269
33.4449816781269
33.433885605139
33.4323658343055
33.4307845974679
33.4291367064974
33.4291367064974
33.4291367064974
33.4291367064974
33.4291367064974
33.4291367064974
33.4291367064974
33.4291367064974
33.4291367064974
33.4291367064974
33.4291367064974
33.4380082893128
33.4436735512275
33.4490362146815
33.4540076804308
33.4582602527378
33.4616976410902
33.4635666756356
33.4635666756356
33.4635666756356
33.4635666756356
33.4635666756356
33.4635666756356
33.4635666756356
33.4635666756356
33.4635666756356
33.4635666756356
33.4635666756356
33.4635666756356
33.4635666756356
33.4635666756356
33.4635666756356
33.4635666756356
33.4635666756356
33.4635666756356
33.4635666756356
33.4635666756356
33.4635666756356
33.4635666756356
33.4635666756356
33.4635666756356
33.4635666756356
33.4435572215755
33.4474429991736
33.4539902242543
33.4640627948757
33.4755245656296
33.4871684986629
33.4986315994466
33.4986315994466
33.4986315994466
33.4986315994466
33.4986315994466
33.4986315994466
33.4986315994466
33.4986315994466
33.4986315994466
33.4986315994466
33.4986315994466
33.4986315994466
33.4986315994466
33.4986315994466
33.4986315994466
33.4986315994466
33.4986315994466
33.4986315994466
33.4986315994466
33.4986315994466
33.4986315994466
33.4986315994466
33.4986315994466
33.4986315994466
33.4986315994466
33.4986315994466
33.4986315994466
33.4986315994466
33.4986315994466
33.4986315994466
33.481974209805
33.4879298694897
33.4976190378176
33.5105417287374
33.525312781833
33.5402784208127
33.5554403445803
33.5687974303704
33.5789493615442
33.5866280893051
33.5919215574556
33.5950539799711
33.5950539799711
33.5950539799711
33.5950539799711
33.5950539799711
33.5950539799711
33.5950539799711
33.5950539799711
33.5950539799711
33.5950539799711
33.5950539799711
33.5950539799711
33.5950539799711
33.5950539799711
33.5950539799711
33.5950539799711
33.5950539799711
33.5950539799711
33.5950539799711
33.5950539799711
33.5950539799711
33.5950539799711
33.5950539799711
33.5950539799711
33.5950539799711
33.5950539799711
33.5950539799711
33.5950539799711
33.5950539799711
33.5950539799711
33.5950539799711
33.592869433119
33.5991998644668
33.6062956752826
33.6135890909358
33.620936108915
33.6281386252316
33.6339067482057
33.6374898760349
33.6391312090312
33.6391312090312
33.6391312090312
33.6391312090312
33.6391312090312
33.6391312090312
33.6391312090312
33.6391312090312
33.6391312090312
33.6391312090312
33.6391312090312
33.6391312090312
33.6391312090312
33.6391312090312
33.6391312090312
33.6391312090312
33.6391312090312
33.6391312090312
33.6391312090312
33.6391312090312
33.6391312090312
33.6292892012611
33.6241268283298
33.6157515469793
33.604468852694
33.5926627972526
33.5795690351706
33.5653615987908
33.5507717290642
33.5358854468201
33.520658176982
33.5052577681036
33.4901466628893
33.4901466628893
33.4901466628893
33.4901466628893
33.4901466628893
33.4901466628893
33.4901466628893
33.4901466628893
33.4901466628893
33.4901466628893
33.4901466628893
33.4901466628893
33.4901466628893
33.4901466628893
33.4901466628893
33.4901466628893
33.4901466628893
33.4901466628893
33.4901466628893
33.4901466628893
33.4901466628893
33.4901466628893
33.4901466628893
33.4901466628893
33.4901466628893
33.4901466628893
33.4901466628893
33.4901466628893
33.4901466628893
33.4901466628893
33.4901466628893
33.4901466628893
33.4901466628893
33.4901466628893
33.4901466628893
33.4901466628893
33.4901466628893
33.4901466628893
33.4901466628893
33.4901466628893
33.4901466628893
33.4901466628893
33.4901466628893
33.4901466628893
33.4901466628893
33.4901466628893
33.4901466628893
33.4901466628893
33.4901466628893
33.4901466628893
33.4901466628893
33.4901466628893
33.4901466628893
33.4901466628893
33.4901466628893
33.4901466628893
33.4901466628893
33.4901466628893
33.4901466628893
33.4901466628893
33.4901466628893
33.4901466628893
33.4901466628893
33.4901466628893
33.4901466628893
33.4901466628893
33.4901466628893
33.4901466628893
33.4901466628893
33.4901466628893
33.4901466628893
33.4901466628893
33.4901466628893
33.4901466628893
33.4901466628893
33.4901466628893
33.4901466628893
33.4901466628893
33.4901466628893
33.4901466628893
33.4901466628893
33.4901466628893
33.4901466628893
33.4901466628893
33.4901466628893
33.4901466628893
33.4901466628893
33.4901466628893
33.4901466628893
33.4901466628893
33.4901466628893
33.4901466628893
33.4901466628893
33.4901466628893
33.4901466628893
33.4901466628893
33.4901466628893
33.4901466628893
33.4901466628893
33.4901466628893
33.4901466628893
33.4901466628893
33.4901466628893
33.4901466628893
33.4901466628893
33.4901466628893
33.4901466628893
33.4901466628893
33.4901466628893
33.4901466628893
33.4901466628893
33.4901466628893
33.4901466628893
33.4901466628893
33.4901466628893
33.4901466628893
33.4901466628893
33.4901466628893
33.4901466628893
33.4901466628893
33.4901466628893
33.4901466628893
33.4901466628893
33.4901466628893
33.4901466628893
33.4901466628893
33.4901466628893
33.4901466628893
33.4901466628893
33.4901466628893
33.4901466628893
33.4901466628893
33.4901466628893
33.4901466628893
33.4901466628893
33.4901466628893
33.4901466628893
33.4901466628893
33.4901466628893
33.4901466628893
33.4901466628893
33.4901466628893
33.4901466628893
33.4901466628893
33.4901466628893
33.4901466628893
33.4901466628893
33.4901466628893
33.4901466628893
33.4901466628893
33.4901466628893
33.4901466628893
33.4901466628893
33.4901466628893
33.4901466628893
33.4901466628893
33.4901466628893
33.4901466628893
33.4901466628893
33.4901466628893
33.4901466628893
33.4901466628893
33.4901466628893
33.4901466628893
33.4901466628893
33.4901466628893
33.4901466628893
33.4901466628893
33.4901466628893
33.4901466628893
33.4901466628893
33.4901466628893
33.4500057647517
33.4500057647517
33.4500057647517
33.4500057647517
33.4500057647517
33.4500057647517
33.4500057647517
33.4500057647517
33.4500057647517
33.4500057647517
33.4500057647517
33.4500057647517
33.4500057647517
33.4500057647517
33.4500057647517
33.4500057647517
33.4500057647517
33.4500057647517
33.4500057647517
33.4500057647517
33.4500057647517
33.4500057647517
33.4500057647517
33.4500057647517
33.4500057647517
33.4500057647517
33.4500057647517
33.4500057647517
33.4500057647517
33.4500057647517
33.4500057647517
33.4500057647517
33.4500057647517
33.4500057647517
33.4500057647517
33.4500057647517
33.4500057647517
33.4500057647517
33.4500057647517
33.4500057647517
33.4500057647517
33.4500057647517
33.4500057647517
33.4500057647517
33.4500057647517
33.4500057647517
33.4500057647517
33.4500057647517
33.4500057647517
33.4500057647517
33.4500057647517
33.4500057647517
33.4500057647517
33.4500057647517
33.4500057647517
33.4500057647517
33.4500057647517
33.4500057647517
33.4500057647517
33.4500057647517
33.4500057647517
33.4500057647517
33.4500057647517
33.4500057647517
33.4500057647517
33.4500057647517
33.4500057647517
33.4500057647517
33.4500057647517
33.4500057647517
33.4500057647517
33.4500057647517
33.4500057647517
33.4500057647517
33.4500057647517
33.4500057647517
33.4500057647517
33.4500057647517
33.4500057647517
33.4500057647517
33.4500057647517
33.4500057647517
33.4500057647517
33.4500057647517
33.4500057647517
33.4500057647517
33.4500057647517
33.4500057647517
33.4500057647517
33.4500057647517
33.4500057647517
33.4500057647517
33.4500057647517
33.4500057647517
33.4500057647517
33.4500057647517
33.4500057647517
33.4500057647517
33.4500057647517
33.4500057647517
33.4500057647517
33.4500057647517
33.4500057647517
33.4500057647517
33.4500057647517
33.4500057647517
33.4500057647517
33.4500057647517
33.4173704491176
33.4173704491176
33.4173704491176
33.4173704491176
33.4173704491176
33.4173704491176
33.4173704491176
33.4173704491176
33.4173704491176
33.4173704491176
33.4173704491176
33.4173704491176
33.4173704491176
33.4173704491176
33.4173704491176
33.4173704491176
33.4173704491176
33.4173704491176
33.4173704491176
33.4173704491176
33.4173704491176
33.4173704491176
33.4173704491176
33.4173704491176
33.4173704491176
33.4173704491176
33.4173704491176
33.4173704491176
33.4173704491176
33.4173704491176
33.4173704491176
33.4173704491176
33.4173704491176
33.4173704491176
33.4173704491176
33.4173704491176
33.4173704491176
33.4173704491176
33.4173704491176
33.4173704491176
33.4173704491176
33.392571843469
33.3866326140577
33.3797630010032
33.3725410561185
33.3652629501313
33.3587562006939
33.3538550477012
33.3508454244956
33.3508454244956
33.3508454244956
33.3508454244956
33.3508454244956
33.3508454244956
33.3508454244956
33.3508454244956
33.3508454244956
33.3508454244956
33.3508454244956
33.3508454244956
33.3508454244956
33.3508454244956
33.3508454244956
33.3508454244956
33.3508454244956
33.3508454244956
33.3508454244956
33.3516346984676
33.3530229454505
33.3545504438717
33.3561316195861
33.357767876105
33.357767876105
33.357767876105
33.357767876105
33.357767876105
33.357767876105
33.357767876105
33.357767876105
33.357767876105
33.357767876105
33.357767876105
33.357767876105
33.3351277761129
33.3293040671626
33.3244046896977
33.3215956576176
33.3215956576176
33.3215956576176
33.3215956576176
33.3215956576176
33.3215956576176
33.3215956576176
33.3215956576176
33.3215956576176
33.3215956576176
33.3215956576176
33.3215956576176
33.3215956576176
33.3215956576176
33.3215956576176
33.3215956576176
33.3215956576176
33.3215956576176
33.3215956576176
33.3215956576176
33.3215956576176
33.3215956576176
33.3215956576176
33.3215956576176
33.3215956576176
33.3174896749316
33.3194994350882
33.3216360684672
33.3241314427317
33.3241314427317
33.3241314427317
33.3241314427317
33.3241314427317
33.3241314427317
33.3241314427317
33.3241314427317
33.3241314427317
33.3241314427317
33.3241314427317
33.3241314427317
33.3241314427317
33.3241314427317
33.3241314427317
33.3241314427317
33.3241314427317
33.3241314427317
33.3241314427317
33.3241314427317
33.3241314427317
33.3241314427317
33.3241314427317
33.3241314427317
33.3241314427317
33.3241314427317
33.3241314427317
33.3241314427317
33.3241314427317
33.3241314427317
33.3241314427317
33.3241314427317
33.3241314427317
33.3241314427317
33.3241314427317
33.3241314427317
33.3241314427317
33.3241314427317
33.3241314427317
33.3241314427317
33.3241314427317
33.3241314427317
33.3241314427317
33.3241314427317
33.3241314427317
33.3241314427317
33.3241314427317
33.3241314427317
33.3241314427317
33.3241314427317
33.3241314427317
33.3241314427317
33.3241314427317
33.3241314427317
33.3241314427317
33.3241314427317
33.3241314427317
33.3241314427317
33.3241314427317
33.3241314427317
33.3241314427317
33.3241314427317
33.3241314427317
33.3241314427317
33.3241314427317
33.3241314427317
33.3241314427317
33.3241314427317
33.3241314427317
33.3241314427317
33.3241314427317
33.3241314427317
33.3241314427317
33.3241314427317
33.3241314427317
33.3241314427317
33.3241314427317
33.3241314427317
33.3241314427317
33.3241314427317
33.3241314427317
33.3241314427317
33.3241314427317
33.3241314427317
33.3241314427317
33.3241314427317
33.3241314427317
33.3241314427317
33.2801315643658
33.2801315643658
33.2801315643658
33.2801315643658
33.2801315643658
33.2801315643658
33.2801315643658
33.2801315643658
33.2801315643658
33.2801315643658
33.2801315643658
33.2801315643658
33.2801315643658
33.2801315643658
33.2801315643658
33.2801315643658
33.2801315643658
33.2801315643658
33.2801315643658
33.2801315643658
33.2801315643658
33.2801315643658
33.2801315643658
33.2801315643658
33.2801315643658
33.2801315643658
33.2801315643658
33.2801315643658
33.2801315643658
33.2801315643658
33.2801315643658
33.2801315643658
33.2801315643658
33.2801315643658
33.2801315643658
33.2801315643658
33.2801315643658
33.2801315643658
33.2801315643658
33.2801315643658
33.2801315643658
33.2801315643658
33.2801315643658
33.2801315643658
33.2801315643658
33.2801315643658
33.2801315643658
33.2801315643658
33.2801315643658
33.2801315643658
33.2801315643658
33.2801315643658
33.2801315643658
33.2801315643658
33.2801315643658
33.2801315643658
33.235779364349
33.2261820175928
33.2165916396954
33.2071261503098
33.1978762236918
33.190752080457
33.190752080457
33.190752080457
33.190752080457
33.190752080457
33.190752080457
33.190752080457
33.190752080457
33.190752080457
33.190752080457
33.190752080457
33.190752080457
33.190752080457
33.190752080457
33.190752080457
33.190752080457
33.190752080457
33.190752080457
33.190752080457
33.190752080457
33.190752080457
33.190752080457
33.190752080457
33.190752080457
33.190752080457
33.190752080457
33.190752080457
33.190752080457
33.190752080457
33.190752080457
33.190752080457
33.190752080457
33.190752080457
33.190752080457
33.190752080457
33.190752080457
33.190752080457
33.190752080457
33.190752080457
33.190752080457
33.190752080457
33.190752080457
33.190752080457
33.190752080457
33.190752080457
33.190752080457
33.190752080457
33.190752080457
33.190752080457
33.190752080457
33.190752080457
33.190752080457
33.190752080457
33.190752080457
33.190752080457
33.190752080457
33.190752080457
33.190752080457
33.190752080457
33.190752080457
33.190752080457
33.190752080457
33.190752080457
33.190752080457
33.1489108908832
33.1489108908832
33.1489108908832
33.1489108908832
33.1489108908832
33.1489108908832
33.1489108908832
33.1489108908832
33.1489108908832
33.1489108908832
33.1489108908832
33.1489108908832
33.1489108908832
33.1489108908832
33.1489108908832
33.1489108908832
33.1489108908832
33.1489108908832
33.1489108908832
33.1489108908832
33.1489108908832
33.1489108908832
33.1489108908832
33.1489108908832
33.1489108908832
33.1489108908832
33.1489108908832
33.1129633868688
33.1129633868688
33.1129633868688
33.1129633868688
33.1129633868688
33.1129633868688
33.1129633868688
33.1129633868688
33.1129633868688
33.1129633868688
33.1129633868688
33.1129633868688
33.1129633868688
33.1129633868688
33.1129633868688
33.1129633868688
33.1129633868688
33.1129633868688
33.1129633868688
33.1129633868688
33.1129633868688
33.1129633868688
33.1129633868688
33.1129633868688
33.0961250264254
33.0915013152882
33.0855216273814
33.0793132978849
33.072737311356
33.0659955705289
33.0659955705289
33.0659955705289
33.0659955705289
33.0659955705289
33.0659955705289
33.0659955705289
33.0659955705289
33.0659955705289
33.0659955705289
33.0659955705289
33.0659955705289
33.0659955705289
33.0659955705289
33.0659955705289
33.0659955705289
33.0659955705289
33.0659955705289
33.0659955705289
33.0659955705289
33.0659955705289
33.0659955705289
33.0659955705289
33.0659955705289
33.0659955705289
33.0659955705289
33.0659955705289
33.0659955705289
33.0659955705289
33.0659955705289
33.0659955705289
33.0659955705289
33.0659955705289
33.0659955705289
33.0659955705289
33.0659955705289
33.0659955705289
33.0659955705289
33.0335397938577
33.0294074467952
33.0238703597629
33.0175618294294
33.0106998094893
33.0035804448293
33.0035804448293
33.0035804448293
33.0035804448293
33.0035804448293
33.0035804448293
33.0035804448293
33.0035804448293
33.0035804448293
33.0035804448293
33.0035804448293
33.0035804448293
33.0035804448293
33.0035804448293
33.0035804448293
33.0035804448293
33.0035804448293
33.0035804448293
33.0035804448293
33.0035804448293
33.0035804448293
33.0035804448293
33.0035804448293
33.0035804448293
33.0035804448293
33.0035804448293
33.0035804448293
33.0035804448293
33.0035804448293
33.0035804448293
33.0035804448293
33.0035804448293
33.0035804448293
33.0035804448293
33.0035804448293
33.0035804448293
33.0035804448293
33.0035804448293
33.0035804448293
33.0035804448293
33.0035804448293
33.0035804448293
33.0035804448293
33.0035804448293
33.0035804448293
32.9588941256448
32.9588941256448
32.9588941256448
32.9588941256448
32.9588941256448
32.9588941256448
32.9588941256448
32.9588941256448
32.9588941256448
32.9588941256448
32.9588941256448
32.9588941256448
32.9588941256448
32.9588941256448
32.9588941256448
32.9588941256448
32.9588941256448
32.9588941256448
32.9588941256448
32.9588941256448
32.9588941256448
32.9588941256448
32.9588941256448
32.9588941256448
32.9588941256448
32.9588941256448
32.9588941256448
32.9588941256448
32.9588941256448
32.9588941256448
32.9588941256448
32.9588941256448
32.9588941256448
32.9588941256448
32.9588941256448
32.9588941256448
32.9588941256448
32.9588941256448
32.9588941256448
32.9588941256448
32.9588941256448
32.9588941256448
32.9588941256448
32.9150052684168
32.9140163958074
32.9132566663562
32.9124474413598
32.9117020044487
32.9105295989639
32.9105295989639
32.9105295989639
32.9105295989639
32.9105295989639
32.9105295989639
32.9105295989639
32.9105295989639
32.9105295989639
32.9105295989639
32.9105295989639
32.9105295989639
32.8875944150442
32.8824901650518
32.8753938881645
32.8657264187095
32.8556232580298
32.8454170148951
32.8363298508064
32.8312275024459
32.8312275024459
32.8312275024459
32.8312275024459
32.8312275024459
32.8312275024459
32.8312275024459
32.8312275024459
32.8312275024459
32.8312275024459
32.8312275024459
32.8312275024459
32.8312275024459
32.8312275024459
32.8312275024459
32.8312275024459
32.8312275024459
32.8312275024459
32.8312275024459
32.8312275024459
32.8312275024459
32.8312275024459
32.8312275024459
32.8312275024459
32.8312275024459
32.8312275024459
32.8312275024459
32.8312275024459
32.8312275024459
32.8312275024459
32.8312275024459
32.8312275024459
32.8312275024459
32.8312275024459
32.8312275024459
32.8312275024459
32.8312275024459
32.8312275024459
32.8163809679674
32.8117640864716
32.8045684435269
32.7947420095934
32.7839700547924
32.7730934807646
32.7622027406541
32.752987478703
32.7474514319325
32.7447056973758
32.7447056973758
32.7447056973758
32.7447056973758
32.7447056973758
32.7447056973758
32.7447056973758
32.7447056973758
32.7447056973758
32.7447056973758
32.7447056973758
32.7447056973758
32.7447056973758
32.7447056973758
32.7447056973758
32.7447056973758
32.7447056973758
32.7447056973758
32.7447056973758
32.7447056973758
32.7447056973758
32.7447056973758
32.7447056973758
32.7447056973758
32.7447056973758
32.7447056973758
32.7447056973758
32.7447056973758
32.7447056973758
32.7447056973758
32.7447056973758
32.7447056973758
32.7447056973758
32.7447056973758
32.7316655844295
32.7261961345539
32.7184831661244
32.7096520258541
32.7008395947968
32.693928061944
32.6899087720217
32.6899087720217
32.6899087720217
32.6899087720217
32.6899087720217
32.6899087720217
32.6899087720217
32.6899087720217
32.6899087720217
32.6899087720217
32.6899087720217
32.6899087720217
32.6899087720217
32.6899087720217
32.6899087720217
32.6899087720217
32.6899087720217
32.6899087720217
32.6899087720217
32.6899087720217
32.6899087720217
32.6899087720217
32.6899087720217
32.6899087720217
32.6899087720217
32.6899087720217
32.6899087720217
32.6899087720217
32.6899087720217
32.6899087720217
32.6899087720217
32.6899087720217
32.6899087720217
32.6899087720217
32.6899087720217
32.6899087720217
32.6899087720217
32.6714665083188
32.667451377091
32.6625207786953
32.6575489634059
32.6525878749197
32.6476374999527
32.6425658038816
32.6383079121728
32.6383079121728
32.6383079121728
32.6383079121728
32.6383079121728
32.6383079121728
32.6383079121728
32.6383079121728
32.6383079121728
32.6383079121728
32.6383079121728
32.6383079121728
32.6383079121728
32.6383079121728
32.6383079121728
32.6383079121728
32.6383079121728
32.6383079121728
32.6383079121728
32.6383079121728
32.6383079121728
32.6383079121728
32.6383079121728
32.6383079121728
32.6383079121728
32.6383079121728
32.6383079121728
32.6383079121728
32.6383079121728
32.6383079121728
32.6383079121728
32.6383079121728
32.6383079121728
32.6383079121728
32.632005436116
32.6259531092059
32.6166358733962
32.6036899895682
32.5882137561515
32.5723231066997
32.5563604439353
32.5406313757494
32.5249031059318
32.509366344451
32.4937915471909
32.4795787816443
32.469729511003
32.4647365863719
32.4647365863719
32.4647365863719
32.4647365863719
32.4647365863719
32.4647365863719
32.4647365863719
32.4647365863719
32.4647365863719
32.4647365863719
32.4647365863719
32.4647365863719
32.4647365863719
32.4647365863719
32.4647365863719
32.4647365863719
32.4647365863719
32.4647365863719
32.4647365863719
32.4647365863719
32.4647365863719
32.4647365863719
32.4647365863719
32.4647365863719
32.4647365863719
32.4647365863719
32.4647365863719
32.4647365863719
32.4647365863719
32.4647365863719
32.4647365863719
32.4647365863719
32.4647365863719
32.4654463692384
32.462186053101
32.4591275768969
32.4560004499421
32.4538178693336
32.4538178693336
32.4538178693336
32.4538178693336
32.4538178693336
32.4538178693336
32.4538178693336
32.4538178693336
32.4538178693336
32.4538178693336
32.4538178693336
32.4538178693336
32.4538178693336
32.4538178693336
32.4538178693336
32.4538178693336
32.4538178693336
32.4538178693336
32.4538178693336
32.4538178693336
32.4538178693336
32.4538178693336
32.4538178693336
32.4538178693336
32.4538178693336
32.4538178693336
32.4538178693336
32.4538178693336
32.4538178693336
32.4538178693336
32.4538178693336
32.4538178693336
32.4538178693336
32.4538178693336
32.4538178693336
32.4538178693336
32.4538178693336
32.4538178693336
32.4538178693336
32.4538178693336
32.4538178693336
32.4538178693336
32.4538178693336
32.4538178693336
32.4538178693336
32.4538178693336
32.4538178693336
32.4538178693336
32.4538178693336
32.4538178693336
32.4538178693336
32.4538178693336
32.4538178693336
32.4538178693336
32.4538178693336
32.4538178693336
32.4538178693336
32.4538178693336
32.4538178693336
32.4538178693336
32.4538178693336
32.4538178693336
32.4538178693336
32.4538178693336
32.4538178693336
32.4538178693336
32.4538178693336
32.4538178693336
32.4538178693336
32.4538178693336
32.4538178693336
32.4538178693336
32.4538178693336
32.4538178693336
32.4538178693336
32.4538178693336
32.4538178693336
32.4538178693336
32.4538178693336
32.4538178693336
32.4538178693336
32.4538178693336
32.4538178693336
32.4538178693336
32.4538178693336
32.4538178693336
32.4538178693336
32.4538178693336
32.4538178693336
32.4538178693336
32.4538178693336
32.4538178693336
32.4538178693336
32.4538178693336
32.4538178693336
32.4538178693336
32.4538178693336
32.4538178693336
32.4538178693336
32.4538178693336
32.4538178693336
32.4538178693336
32.4538178693336
32.4538178693336
32.4538178693336
32.4538178693336
32.4538178693336
32.4538178693336
32.4538178693336
32.4538178693336
32.4538178693336
32.4538178693336
32.4538178693336
32.4538178693336
32.4538178693336
32.4538178693336
32.4538178693336
32.4538178693336
32.4538178693336
32.4538178693336
32.4538178693336
32.4538178693336
32.4538178693336
32.4538178693336
32.4538178693336
32.4538178693336
32.4538178693336
32.4538178693336
32.4538178693336
32.4538178693336
32.4538178693336
32.4538178693336
32.4538178693336
32.4538178693336
32.4538178693336
32.4538178693336
32.4892409892907
32.4892409892907
32.4892409892907
32.4892409892907
32.4892409892907
32.4892409892907
32.4892409892907
32.4892409892907
32.4892409892907
32.4892409892907
32.4892409892907
32.4892409892907
32.4892409892907
32.4892409892907
32.4892409892907
32.4892409892907
32.4892409892907
32.4892409892907
32.4892409892907
32.4892409892907
32.4892409892907
32.4892409892907
32.4892409892907
32.4892409892907
32.4892409892907
32.4892409892907
32.4892409892907
32.4892409892907
32.4892409892907
32.4892409892907
32.4892409892907
32.4892409892907
32.4892409892907
32.4892409892907
32.4892409892907
32.4892409892907
32.4892409892907
32.4892409892907
32.4892409892907
32.4892409892907
32.4892409892907
32.4892409892907
32.4892409892907
32.4892409892907
32.4892409892907
32.4892409892907
32.4892409892907
32.4892409892907
32.4892409892907
32.4892409892907
32.4892409892907
32.4892409892907
32.4892409892907
32.4892409892907
32.4892409892907
32.4892409892907
32.4892409892907
32.4892409892907
32.4892409892907
32.4892409892907
32.4892409892907
32.4892409892907
32.4892409892907
32.4892409892907
32.4892409892907
32.4892409892907
32.4892409892907
32.4892409892907
32.4892409892907
32.4892409892907
32.4892409892907
32.4892409892907
32.4892409892907
32.4892409892907
32.4892409892907
32.4892409892907
32.4892409892907
32.4892409892907
32.4892409892907
32.4892409892907
32.4892409892907
32.4892409892907
32.4892409892907
32.4892409892907
32.4892409892907
32.4892409892907
32.4892409892907
32.4892409892907
32.4892409892907
32.4892409892907
32.4892409892907
32.4892409892907
32.4892409892907
32.4892409892907
32.4892409892907
32.4892409892907
32.4892409892907
32.4892409892907
32.4892409892907
32.4892409892907
32.4892409892907
32.4892409892907
32.4892409892907
32.4892409892907
32.4892409892907
32.4892409892907
32.4892409892907
32.4892409892907
32.4892409892907
32.4892409892907
32.4892409892907
32.4892409892907
32.4892409892907
32.4892409892907
32.4892409892907
32.4892409892907
32.4892409892907
32.4892409892907
32.4892409892907
32.4892409892907
32.4892409892907
32.4892409892907
32.4892409892907
32.4892409892907
32.4892409892907
32.4892409892907
32.4892409892907
32.4892409892907
32.4892409892907
32.4892409892907
32.4892409892907
32.4892409892907
32.4892409892907
32.4892409892907
32.4892409892907
32.4892409892907
32.4892409892907
32.4892409892907
32.4892409892907
32.5154040233598
32.5116916082442
32.5116916082442
32.5116916082442
32.5116916082442
32.5116916082442
32.5116916082442
32.5116916082442
32.5116916082442
32.5116916082442
32.5116916082442
32.5116916082442
32.5116916082442
32.5116916082442
32.5116916082442
32.5116916082442
32.5116916082442
32.5116916082442
32.5116916082442
32.5116916082442
32.5116916082442
32.5116916082442
32.5116916082442
32.5116916082442
32.5116916082442
32.5116916082442
32.5116916082442
32.4958409859717
32.4927992340152
32.4898816379775
32.486103459297
32.4807383480201
32.4749033001898
32.4687841283743
32.4626371091706
32.4565445033955
32.4504651627899
32.4444982775033
32.4398134396973
32.4381340920663
32.4381340920663
32.4381340920663
32.4381340920663
32.4381340920663
32.4381340920663
32.4381340920663
32.4381340920663
32.4381340920663
32.4381340920663
32.4381340920663
32.4381340920663
32.4381340920663
32.4381340920663
32.4381340920663
32.4381340920663
32.4381340920663
32.4381340920663
32.4381340920663
32.4381340920663
32.4381340920663
32.4381340920663
32.4381340920663
32.4381340920663
32.4381340920663
32.4381340920663
32.4381340920663
32.4381340920663
32.4381340920663
32.4381340920663
32.4381340920663
32.4381340920663
32.4381340920663
32.4381340920663
32.4381340920663
32.4381340920663
32.4381340920663
32.4381340920663
32.4381340920663
32.4381340920663
32.4381340920663
32.4381340920663
32.4381340920663
32.4381340920663
32.4381340920663
32.4381340920663
32.4381340920663
32.4381340920663
32.4381340920663
32.4381340920663
32.4381340920663
32.4381340920663
32.4381340920663
32.4381340920663
32.4381340920663
32.4381340920663
32.4381340920663
32.4381340920663
32.4381340920663
32.4381340920663
32.4381340920663
32.4381340920663
32.4381340920663
32.4381340920663
32.4381340920663
32.4381340920663
32.4381340920663
32.4381340920663
32.4381340920663
32.4381340920663
32.4381340920663
32.4381340920663
32.4381340920663
32.4381340920663
32.4381340920663
32.4381340920663
32.4381340920663
32.4381340920663
32.4381340920663
32.395971579261
32.395971579261
32.395971579261
32.395971579261
32.395971579261
32.395971579261
32.395971579261
32.395971579261
32.395971579261
32.395971579261
32.395971579261
32.395971579261
32.395971579261
32.395971579261
32.395971579261
32.395971579261
32.395971579261
32.395971579261
32.395971579261
32.395971579261
32.3542597307808
32.3542597307808
32.3542597307808
32.3542597307808
32.3542597307808
32.3542597307808
32.3542597307808
32.3382433205754
32.3387142447092
32.3404185333004
32.3426938815643
32.345062925635
32.347442896597
32.349425298607
32.3500849855199
32.3494711951919
32.3479997725985
32.3479997725985
32.3479997725985
32.3479997725985
32.3479997725985
32.3479997725985
32.3479997725985
32.3365670533263
32.3304929726695
32.3216001112403
32.3110171819514
32.3000850373984
32.2891763372398
32.2782910252253
32.2681632090147
32.2617288422396
32.2590228516175
32.2590228516175
32.2590228516175
32.2590228516175
32.2590228516175
32.2590228516175
32.2590228516175
32.2590228516175
32.2590228516175
32.2590228516175
32.2590228516175
32.2590228516175
32.2590228516175
32.2590228516175
32.2590228516175
32.2590228516175
32.2590228516175
32.2590228516175
32.2594283942551
32.2612284247491
32.2635269079937
32.2659059868089
32.2683192631614
32.2707139929128
32.272852026811
32.2739860013592
32.2743959937452
32.2743959937452
32.2743959937452
32.2743959937452
32.2743959937452
32.2743959937452
32.2743959937452
32.2743959937452
32.2743959937452
32.2743959937452
32.2743959937452
32.2743959937452
32.2743959937452
32.2743959937452
32.2743959937452
32.2743959937452
32.2743959937452
32.2743959937452
32.2743959937452
32.2743959937452
32.2743959937452
32.2743959937452
32.2579849730689
32.2538383594794
32.2488688082373
32.2439101265319
32.2388318056115
32.2350935875948
32.2335751897159
32.2335751897159
32.2335751897159
32.2335751897159
32.2335751897159
32.2335751897159
32.2335751897159
32.2335751897159
32.2335751897159
32.2335751897159
32.2335751897159
32.2335751897159
32.2335751897159
32.2335751897159
32.2335751897159
32.2335751897159
32.2335751897159
32.2335751897159
32.2335751897159
32.2335751897159
32.2335751897159
32.2335751897159
32.2335751897159
32.2335751897159
32.2335751897159
32.2335751897159
32.2335751897159
32.2335751897159
32.2335751897159
32.2335751897159
32.2335751897159
32.2335751897159
32.2335751897159
32.2335751897159
32.2335751897159
32.2335751897159
32.2335751897159
32.2335751897159
32.2335751897159
32.2335751897159
32.2335751897159
32.2335751897159
32.2335751897159
32.2335751897159
32.2335751897159
32.2335751897159
32.2335751897159
32.2335751897159
32.2335751897159
32.2335751897159
32.2335751897159
32.2335751897159
32.2335751897159
32.2335751897159
32.2335751897159
32.2335751897159
32.2335751897159
32.2335751897159
32.2335751897159
32.2335751897159
32.2335751897159
32.2335751897159
32.2335751897159
32.2335751897159
32.2335751897159
32.2335751897159
32.2335751897159
32.2335751897159
32.2335751897159
32.2335751897159
32.2335751897159
32.2335751897159
32.2335751897159
32.2335751897159
32.2335751897159
32.2335751897159
32.2335751897159
32.2335751897159
32.2335751897159
32.2335751897159
32.2335751897159
32.2335751897159
32.2335751897159
32.2335751897159
32.2335751897159
32.2335751897159
32.2335751897159
32.2335751897159
32.2335751897159
32.2335751897159
32.2335751897159
32.2335751897159
32.2335751897159
32.2335751897159
32.2335751897159
32.2335751897159
32.2335751897159
32.2335751897159
32.2335751897159
32.2335751897159
32.2335751897159
32.2335751897159
32.2335751897159
32.2335751897159
32.2335751897159
32.2335751897159
32.2335751897159
32.2335751897159
32.2335751897159
32.2335751897159
32.2335751897159
32.2335751897159
32.2335751897159
32.2335751897159
32.2335751897159
32.2335751897159
32.2335751897159
32.2335751897159
32.2335751897159
32.2335751897159
32.2335751897159
32.2335751897159
32.2335751897159
32.2307046606896
32.2205080576509
32.2032377004629
32.1793484838129
32.1521692118822
32.1238227468411
32.0962115242088
32.069576666391
32.0470568734504
32.0302547533621
32.0188636893675
32.0136863429575
32.0136863429575
32.0136863429575
32.0130857935707
32.009259913988
31.9587929838247
31.9504772821483
31.9375340217903
31.9206188863813
31.8993922781222
31.8753522990116
31.885129296289
31.8778671359755
31.8744794285177
31.8722439147785
31.8694336863848
31.8661690567295
31.8598775159904
31.8447103320241
31.816212296559
31.7790097188211
31.7362717582247
31.6898792836451
31.6408829141285
31.5906544913787
31.5403333872374
31.5417840581485
31.5507029841584
31.5589685145215
31.5655716621932
31.5709270161546
31.5756272763478
31.5790592823396
31.5807770922817
31.5807770922817
31.5807770922817
31.5807770922817
31.5807770922817
31.5807770922817
31.5807770922817
31.5807770922817
31.5807770922817
31.5807770922817
31.5807770922817
31.5807770922817
31.5807770922817
31.5807770922817
31.5747302927159
31.5715801754271
31.5684751673205
31.5659331935032
31.5659331935032
31.5659331935032
31.5659331935032
31.5659331935032
31.5659331935032
31.5659331935032
31.571501721576
31.5653594800179
31.5313205150664
31.4695217156581
31.3781846022581
31.255906825795
31.0926085467341
30.8785648739864
30.6193300197715
30.2019812418292
29.6213994847823
28.8844151308071
28.0949820968972
27.2457870017853
26.2900145665688
25.249708205372
24.1003407869553
22.886768617572
21.7367269081174
20.6987187265851
19.7368011671739
19.8926927764006
20.2738988548024
20.6004487472344
20.8917232888601
21.142532858314
21.3493574987514
21.5265041094244
21.6818960974635
21.8188919889166
21.9391940565196
22.0345149546119
22.111837326583
22.1757413493254
22.2285935104367
22.2737629777919
22.3122307414654
22.3435271277512
22.3682293347183
22.3847662230822
22.3847662230822
22.3847662230822
22.3847662230822
22.3847662230822
22.3847662230822
22.3847662230822
22.3847662230822
22.3847662230822
22.3847662230822
22.3847662230822
22.3847662230822
22.3847662230822
22.3847662230822
22.3847662230822
22.3847662230822
22.3847662230822
22.3847662230822
22.3847662230822
22.3847662230822
22.3847662230822
22.3847662230822
22.3847662230822
22.3847662230822
22.3847662230822
22.3847662230822
22.3847662230822
22.3847662230822
22.3847662230822
22.4275885064302
22.4275885064302
22.4275885064302
22.4275885064302
22.4388115862836
22.4378014416399
22.4358532134142
22.4337963681419
22.431753848965
22.4309979092133
22.4319635829416
22.4319635829416
22.4319635829416
22.4319635829416
22.4319635829416
22.4319635829416
22.4319635829416
22.4319635829416
22.4319635829416
22.4319635829416
22.4319635829416
22.4319635829416
22.4319635829416
22.479457321824
22.479457321824
22.479457321824
22.479457321824
22.479457321824
22.479457321824
22.479457321824
22.479457321824
22.479457321824
22.479457321824
22.479457321824
22.479457321824
22.479457321824
22.479457321824
22.5254298566443
22.5254298566443
22.5254298566443
22.5254298566443
22.5254298566443
22.5254298566443
22.5254298566443
22.5254298566443
22.5254298566443
22.5254298566443
22.5254298566443
22.5254298566443
22.5730292797468
22.5730292797468
22.5730292797468
22.5730292797468
22.6221992575759
22.6221992575759
22.6221992575759
22.6221992575759
22.6221992575759
22.6221992575759
22.6221992575759
22.6221992575759
22.6221992575759
22.6221992575759
22.6221992575759
22.6221992575759
22.6221992575759
22.6221992575759
22.6221992575759
22.6221992575759
22.6221992575759
22.6221992575759
22.6221992575759
22.6221992575759
22.6221992575759
22.6221992575759
22.6221992575759
22.6221992575759
22.6221992575759
22.6221992575759
22.6221992575759
22.6683785554757
22.6683785554757
22.6683785554757
22.6683785554757
22.6683785554757
22.6683785554757
22.6683785554757
22.6683785554757
22.6683785554757
22.6683785554757
22.6683785554757
22.6683785554757
22.7128071346083
22.7128071346083
