Stream
18.8031029999999646 
-1.1968970000000354 
-7.1968970000000354 
-14.1968970000000354 
-17.1968970000000354 
-18.1968970000000354 
-18.1968970000000354 
-18.1968970000000354 
-17.1968970000000354 
-21.1968970000000354 
-29.1968970000000354 
-33.1968970000000354 
-34.1968970000000354 
-34.1968970000000354 
-34.1968970000000354 
-34.1968970000000354 
-32.1968970000000354 
-30.1968970000000354 
-24.1968970000000354 
-18.1968970000000354 
-10.1968970000000354 
3.8031029999999646 
21.8031029999999646 
42.8031029999999646 
72.8031029999999646 
99.8031029999999646 
120.803102999999965 
144.803102999999965 
154.803102999999965 
154.803102999999965 
154.803102999999965 
154.803102999999965 
151.803102999999965 
138.803102999999965 
115.803102999999965 
94.8031029999999646 
76.8031029999999646 
45.8031029999999646 
23.8031029999999646 
12.8031029999999646 
2.8031029999999646 
-0.196897000000035405 
-2.1968970000000354 
-1.1968970000000354 
-3.1968970000000354 
-4.1968970000000354 
-11.1968970000000354 
-24.1968970000000354 
-28.1968970000000354 
-30.1968970000000354 
-30.1968970000000354 
-30.1968970000000354 
-30.1968970000000354 
-30.1968970000000354 
-30.1968970000000354 
-30.1968970000000354 
-29.1968970000000354 
-29.1968970000000354 
-30.1968970000000354 
-30.1968970000000354 
-30.1968970000000354 
-30.1968970000000354 
-29.1968970000000354 
-30.1968970000000354 
-25.1968970000000354 
-8.1968970000000354 
-1.1968970000000354 
6.8031029999999646 
26.8031029999999646 
43.8031029999999646 
66.8031029999999646 
90.8031029999999646 
111.803102999999965 
129.803102999999965 
140.803102999999965 
143.803102999999965 
142.803102999999965 
142.803102999999965 
142.803102999999965 
140.803102999999965 
131.803102999999965 
115.803102999999965 
94.8031029999999646 
77.8031029999999646 
50.8031029999999646 
20.8031029999999646 
6.8031029999999646 
-1.1968970000000354 
-3.1968970000000354 
-6.1968970000000354 
-5.1968970000000354 
-7.1968970000000354 
-10.1968970000000354 
-13.1968970000000354 
-25.1968970000000354 
-30.1968970000000354 
-30.1968970000000354 
-30.1968970000000354 
-29.1968970000000354 
-31.1968970000000354 
-30.1968970000000354 
-31.1968970000000354 
-31.1968970000000354 
-30.1968970000000354 
-31.1968970000000354 
-31.1968970000000354 
-30.1968970000000354 
-31.1968970000000354 
-30.1968970000000354 
-30.1968970000000354 
-29.1968970000000354 
-17.1968970000000354 
-0.196897000000035405 
5.8031029999999646 
15.8031029999999646 
32.8031029999999646 
47.8031029999999646 
69.8031029999999646 
92.8031029999999646 
115.803102999999965 
133.803102999999965 
138.803102999999965 
138.803102999999965 
140.803102999999965 
139.803102999999965 
139.803102999999965 
129.803102999999965 
110.803102999999965 
100.803102999999965 
86.8031029999999646 
73.8031029999999646 
46.8031029999999646 
19.8031029999999646 
6.8031029999999646 
-1.1968970000000354 
-4.1968970000000354 
-6.1968970000000354 
-8.1968970000000354 
-11.1968970000000354 
-12.1968970000000354 
-17.1968970000000354 
-26.1968970000000354 
-31.1968970000000354 
-32.1968970000000354 
-33.1968970000000354 
-33.1968970000000354 
-33.1968970000000354 
-33.1968970000000354 
-32.1968970000000354 
-32.1968970000000354 
-33.1968970000000354 
-33.1968970000000354 
-34.1968970000000354 
-33.1968970000000354 
-34.1968970000000354 
-33.1968970000000354 
-34.1968970000000354 
-33.1968970000000354 
-34.1968970000000354 
-32.1968970000000354 
-29.1968970000000354 
-25.1968970000000354 
-11.1968970000000354 
1.8031029999999646 
17.8031029999999646 
38.8031029999999646 
60.8031029999999646 
83.8031029999999646 
97.8031029999999646 
106.803102999999965 
107.803102999999965 
107.803102999999965 
102.803102999999965 
83.8031029999999646 
64.8031029999999646 
48.8031029999999646 
36.8031029999999646 
28.8031029999999646 
21.8031029999999646 
7.8031029999999646 
-10.1968970000000354 
-19.1968970000000354 
-24.1968970000000354 
-26.1968970000000354 
-26.1968970000000354 
-26.1968970000000354 
-26.1968970000000354 
-26.1968970000000354 
-26.1968970000000354 
-29.1968970000000354 
-33.1968970000000354 
-34.1968970000000354 
-33.1968970000000354 
-34.1968970000000354 
-34.1968970000000354 
-34.1968970000000354 
-34.1968970000000354 
-34.1968970000000354 
-34.1968970000000354 
-33.1968970000000354 
-33.1968970000000354 
-34.1968970000000354 
-34.1968970000000354 
-34.1968970000000354 
-34.1968970000000354 
-34.1968970000000354 
-34.1968970000000354 
-34.1968970000000354 
-34.1968970000000354 
-34.1968970000000354 
-34.1968970000000354 
-34.1968970000000354 
-34.1968970000000354 
-33.1968970000000354 
-23.1968970000000354 
-6.1968970000000354 
8.8031029999999646 
24.8031029999999646 
37.8031029999999646 
41.8031029999999646 
40.8031029999999646 
41.8031029999999646 
37.8031029999999646 
31.8031029999999646 
26.8031029999999646 
20.8031029999999646 
14.8031029999999646 
8.8031029999999646 
-0.196897000000035405 
-16.1968970000000354 
-25.1968970000000354 
-28.1968970000000354 
-30.1968970000000354 
-29.1968970000000354 
-30.1968970000000354 
-29.1968970000000354 
-30.1968970000000354 
-30.1968970000000354 
-30.1968970000000354 
-33.1968970000000354 
-34.1968970000000354 
-33.1968970000000354 
-34.1968970000000354 
-34.1968970000000354 
-34.1968970000000354 
-34.1968970000000354 
-34.1968970000000354 
-33.1968970000000354 
-34.1968970000000354 
-34.1968970000000354 
-34.1968970000000354 
-35.1968970000000354 
-35.1968970000000354 
-35.1968970000000354 
-35.1968970000000354 
-34.1968970000000354 
-34.1968970000000354 
-34.1968970000000354 
-35.1968970000000354 
-35.1968970000000354 
-35.1968970000000354 
-34.1968970000000354 
-34.1968970000000354 
-30.1968970000000354 
-12.1968970000000354 
2.8031029999999646 
21.8031029999999646 
36.8031029999999646 
40.8031029999999646 
57.8031029999999646 
76.8031029999999646 
92.8031029999999646 
107.803102999999965 
119.803102999999965 
127.803102999999965 
127.803102999999965 
128.803102999999965 
120.803102999999965 
106.803102999999965 
94.8031029999999646 
81.8031029999999646 
73.8031029999999646 
64.8031029999999646 
54.8031029999999646 
43.8031029999999646 
21.8031029999999646 
3.8031029999999646 
-2.1968970000000354 
-5.1968970000000354 
-6.1968970000000354 
-8.1968970000000354 
-10.1968970000000354 
-10.1968970000000354 
-12.1968970000000354 
-23.1968970000000354 
-31.1968970000000354 
-32.1968970000000354 
-33.1968970000000354 
-33.1968970000000354 
-33.1968970000000354 
-33.1968970000000354 
-33.1968970000000354 
-31.1968970000000354 
-29.1968970000000354 
-30.1968970000000354 
-25.1968970000000354 
-13.1968970000000354 
0.803102999999964595 
22.8031029999999646 
45.8031029999999646 
69.8031029999999646 
93.8031029999999646 
114.803102999999965 
124.803102999999965 
134.803102999999965 
147.803102999999965 
152.803102999999965 
153.803102999999965 
152.803102999999965 
153.803102999999965 
151.803102999999965 
147.803102999999965 
120.803102999999965 
89.8031029999999646 
75.8031029999999646 
59.8031029999999646 
45.8031029999999646 
33.8031029999999646 
26.8031029999999646 
21.8031029999999646 
12.8031029999999646 
5.8031029999999646 
-4.1968970000000354 
-20.1968970000000354 
-27.1968970000000354 
-29.1968970000000354 
-30.1968970000000354 
-29.1968970000000354 
-30.1968970000000354 
-29.1968970000000354 
-30.1968970000000354 
-30.1968970000000354 
-30.1968970000000354 
-30.1968970000000354 
-30.1968970000000354 
-30.1968970000000354 
-29.1968970000000354 
-30.1968970000000354 
-29.1968970000000354 
-30.1968970000000354 
-24.1968970000000354 
-10.1968970000000354 
3.8031029999999646 
21.8031029999999646 
31.8031029999999646 
44.8031029999999646 
65.8031029999999646 
82.8031029999999646 
102.803102999999965 
125.803102999999965 
142.803102999999965 
149.803102999999965 
150.803102999999965 
150.803102999999965 
145.803102999999965 
127.803102999999965 
106.803102999999965 
88.8031029999999646 
75.8031029999999646 
62.8031029999999646 
50.8031029999999646 
36.8031029999999646 
26.8031029999999646 
10.8031029999999646 
-7.1968970000000354 
-14.1968970000000354 
-20.1968970000000354 
-22.1968970000000354 
-22.1968970000000354 
-22.1968970000000354 
-22.1968970000000354 
-22.1968970000000354 
-21.1968970000000354 
-25.1968970000000354 
-30.1968970000000354 
-33.1968970000000354 
-34.1968970000000354 
-34.1968970000000354 
-34.1968970000000354 
-34.1968970000000354 
-33.1968970000000354 
-31.1968970000000354 
-25.1968970000000354 
-13.1968970000000354 
-7.1968970000000354 
2.8031029999999646 
20.8031029999999646 
36.8031029999999646 
56.8031029999999646 
82.8031029999999646 
103.803102999999965 
115.803102999999965 
128.803102999999965 
135.803102999999965 
136.803102999999965 
137.803102999999965 
136.803102999999965 
133.803102999999965 
117.803102999999965 
105.803102999999965 
94.8031029999999646 
80.8031029999999646 
63.8031029999999646 
33.8031029999999646 
16.8031029999999646 
6.8031029999999646 
-2.1968970000000354 
-1.1968970000000354 
-5.1968970000000354 
-5.1968970000000354 
-7.1968970000000354 
-9.1968970000000354 
-17.1968970000000354 
-28.1968970000000354 
-31.1968970000000354 
-33.1968970000000354 
-33.1968970000000354 
-33.1968970000000354 
-34.1968970000000354 
-33.1968970000000354 
-33.1968970000000354 
-33.1968970000000354 
-33.1968970000000354 
-34.1968970000000354 
-34.1968970000000354 
-33.1968970000000354 
-34.1968970000000354 
-33.1968970000000354 
-30.1968970000000354 
-20.1968970000000354 
-6.1968970000000354 
9.8031029999999646 
23.8031029999999646 
32.8031029999999646 
50.8031029999999646 
69.8031029999999646 
84.8031029999999646 
94.8031029999999646 
97.8031029999999646 
100.803102999999965 
99.8031029999999646 
97.8031029999999646 
81.8031029999999646 
61.8031029999999646 
49.8031029999999646 
35.8031029999999646 
28.8031029999999646 
24.8031029999999646 
19.8031029999999646 
11.8031029999999646 
4.8031029999999646 
-7.1968970000000354 
-22.1968970000000354 
-27.1968970000000354 
-29.1968970000000354 
-29.1968970000000354 
-29.1968970000000354 
-30.1968970000000354 
-29.1968970000000354 
-30.1968970000000354 
-29.1968970000000354 
-31.1968970000000354 
-34.1968970000000354 
-34.1968970000000354 
-34.1968970000000354 
-33.1968970000000354 
-34.1968970000000354 
-33.1968970000000354 
-34.1968970000000354 
-33.1968970000000354 
-30.1968970000000354 
-29.1968970000000354 
-18.1968970000000354 
-5.1968970000000354 
6.8031029999999646 
27.8031029999999646 
52.8031029999999646 
78.8031029999999646 
95.8031029999999646 
105.803102999999965 
107.803102999999965 
106.803102999999965 
104.803102999999965 
94.8031029999999646 
76.8031029999999646 
61.8031029999999646 
48.8031029999999646 
35.8031029999999646 
25.8031029999999646 
6.8031029999999646