Stream
868
843
871
908
889
931
950
937
925
846
898
916
906
926
929
940
967
872
828
858
882
909
912
930
947
885
891
891
877
910
890
945
978
962
962
945
948
979
1058
1162
1214
1333
1426
1498
1475
1764
1801
1840
1733
1708
1797
1745
1717
1752
1799
1792
1731
1668
1687
1708
1734
1694
1671
1687
1682
1632
1629
1622
1602
1570
1643
1666
1693
1649
1593
1485
1388
1371
1226
1173
1205
1142
1081
1025
1012
992
989
955
947
966
910
963
1002
1061
1029
1023
1006
1022
984
986
971
987
989
999
981
1017
1041
1035
1047
1058
1052
942
927
968
1018
952
988
1004
968
995
976
961
968
1003
990
986
1027
1027
1052
1057
1060
1041
1149
1255
1356
1398
1463
1538
1656
1803
1827
1852
1736
1738
1702
1671
1692
1739
1801
1805
1814
1773
1816
1814
1755
1745
1686
1717
1668
1713
1766
1859
1851
1889
1875
1749
1619
1539
1538
1517
1452
1399
1284
1235
1189
1150
1211
1177
1124
1083
1079
1089
1017
995
993
998
992
999
993
1001
992
990
988
986
1011
989
987
1003
990
990
959
945
987
1007
1028
1037
989
998
986
997
981
978
976
976
990
1002
953
952
961
961
954
959
954
967
977
1008
1032
1045
1147
1174
1259
1325
1389
1454
1587
1661
1632
1656
1752
1843
1806
1772
1791
1740
1744
1767
1747
1721
1693
1677
1711
1718
1717
1744
1751
1740
1699
1702
1695
1726
1688
1661
1662
1605
1573
1540
1489
1410
1288
1288
1248
1266
1212
1197
1153
1139
1131
1132
1119
1111
1101
1040
1018
1027
1050
1062
1029
1030
1000
991
1013
1002
1002
1008
1011
1015
988
986
973
990
985
991
1006
995
994
994
1002
1017
996
1004
988
970
962
951
966
968
967
955
955
963
999
1075
1085
1102
1117
1151
1209
1236
1344
1431
1559
1635
1669
1686
1722
1854
1751
1753
1804
1746
1785
1812
1820
1796
1784
1775
1760
1756
1772
1772
1736
1736
1750
1747
1714
1733
1746
1673
1672
1582
1510
1471
1434
1352
1201
1202
1174
1124
1128
1144
1101
1084
1091
1093
1066
999
1017
985
939
992
957
989
991
959
941
938
954
967
962
927
962
973
982
897
841
857
867
911
945
958
973
959
952
950
947
961
916
885
914
946
935
919
919
922
930
964
1024
1047
1007
1057
1125
1178
1269
1309
1374
1450
1551
1600
1659
1625
1649
1664
1730
1701
1678
1685
1684
1692
1670
1624
1607
1632
1622
1577
1570
1561
1600
1609
1644
1603
1632
1673
1665
1631
1573
1495
1483
1428
1432
1346
1243
1267
1225
1203
1209
1216
1156
1140
1126
1115
1098
1080
1063
1051
1049
1094
1086
1089
1089
1121
1085
1071
1098
1076
1040
1031
1009
1035
987
964
1001
994
999
995
1020
1019
992
1020
1040
1052
1009
1041
1039
1036
1062
1077
1070
1071
1034
1035
1026
1020
1008
970
950
956
946
965
980
986
997
984
960
957
968
983
973
955
980
964
973
985
952
947
925
968
972
948
980
976
961
973
963
985
946
949
958
965
984
959
951
941
937
957
952
971
986
961
967
986
984
970
991
983
981
970
957
952
941
932
943
1032
1031
983
925
929
923
919
919
930
906
914
910
951
1006
898
916
912
928
924
950
931
919
918
935
934
945
941
947
941
944
919
932
949
941
937
931
958
972
971
960
969
964
968
979
953
945
958
933
911
917
924
949
964
949
930
927
928
925
887
897
907
914
933
910
934
957
931
943
923
930
920
926
921
897
904
889
914
950
934
945
960
947
960
937
957
948
928
896
927
939
948
945
924
972
1011
1012
953
959
943
897
906
900
944
953
994
985
950
922
939
947
944
952
960
977
1002
1000
1000
998
979
949
944
948
950
918
908
907
989
987
980
963
1004
1032
1042
1077
1092
1053
1083
1130
1189
1220
1248
1286
1322
1415
1482
1582
1610
1687
1701
1844
1837
1924
1898
1835
1576
1601
1583
1576
1570
1648
1685
1689
1671
1678
1774
1741
1700
1695
1715
1677
1676
1672
1668
1672
1656
1624
1520
1402
1396
1368
1353
1294
1293
1213
1185
1129
1086
1060
1027
1064
1053
1032
1063
1040
1045
1026
1036
996
976
1001
1013
1033
1034
1036
1065
1021
964
983
1033
1047
1066
1037
1047
1030
1030
1054
1032
1024
1027
1058
1040
1028
1064
1047
1079
1058
1075
1077
1075
1080
1085
1111
1193
1296
1300
1345
1398
1439
1492
1627
1700
1679
1759
1746
1777
1745
1693
1753
1856
1776
1690
1760
1701
1645
1676
1702
1750
1714
1743
1713
1709
1714
1687
1655
1715
1728
1675
1668
1612
1589
1567
1556
1480
1390
1348
1311
1272
1233
1291
1218
1218
1196
1164
1162
1133
1073
1087
1077
1076
1053
1023
984
1026
1021
1022
1044
1042
1031
1030
1012
1040
1023
997
993
980
957
943
925
927
891
870
985
1082
1094
1091
1081
1061
1053
1033
1024
1013
1020
1022
1018
1026
1039
1066
1094
1172
1294
1363
1420
1475
1557
1666
1580
1591
1657
1686
1738
1771
1757
1757
1762
1785
1819
1810
1837
1835
1740
1767
1732
1740
1772
1812
1793
1784
1764
1732
1679
1777
1759
1741
1691
1692
1691
1585
1569
1536
1466
1441
1351
1340
1288
1260
1195
1157
1134
1165
1147
1100
1049
1078
1115
1116
1086
1073
1101
1076
1094
1077
1063
1071
1069
1070
1082
1084
1084
1073
1076
1076
1089
1077
1071
1078
1057
1074
1091
1095
1084
1098
1090
1097
1065
1051
1058
1052
1064
1103
1102
1069
1110
1096
1103
1167
1237
1285
1334
1400
1461
1502
1608
1674
1796
1839
1837
1908
1884
1814
1810
1797
1786
1834
1962
1905
1881
1926
1980
1985
1890
1808
1788
1829
1820
1786
1761
1821
1802
1770
1737
1711
1709
1694
1668
1555
1446
1406
1333
1287
1235
1212
1166
1143
1114
1086
1070
1065
1031
1051
1073
1064
1031
1031
1013
1021
1012
1011
1017
1023
1029
1012
1014
1030
1007
964
976
969
977
969
968
986
966
995
986
991
1028
1023
1002
1008
995
996
999
981
992
989
999
1005
1036
1080
1067
1104
1188
1215
1257
1342
1408
1590
1686
1663
1723
1735
1772
1811
1761
1738
1792
1751
1812
1771
1772
1766
1741
1742
1709
1703
1667
1695
1696
1697
1710
1671
1664
1709
1686
1673
1572
1544
1497
1468
1418
1338
1257
1249
1212
1202
1218
1164
1096
1082
1075
1041
1009
1005
990
987
988
984
998
993
1006
999
993
1004
990
983
980
995
1017
1021
1030
1058
1045
1044
988
949
959
991
1004
964
956
954
954
964
996
1007
1015
989
1013
1010
987
979
954
968
983
954
964
963
958
962
949
953
959
937
943
922
903
936
926
944
957
956
980
982
970
954
953
942
942
935
928
944
946
959
957
948
956
937
935
932
919
928
937
921
868
854
866
914
911
882
868
898
949
946
951
906
929
933
913
937
910
921
922
921
910
922
924
939
941
935
941
938
949
958
944
971
940
903
908
909
911
921
924
923
937
939
933
938
951
938
926
954
917
922
910
932
928
913
921
930
936
928
913
913
909
905
903
917
925
904
915
914
921
914
922
926
927
925
922
932
941
916
918
940
916
913
923
917
914
932
915
936
949
930
962
949
956
940
924
930
946
934
914
945
950
949
955
973
1014
1035
1011
1006
993
960
960
963
957
962
957
938
915
920
928
908
896
946
929
953
954
945
958
960
940
922
908
926
932
937
966
939
953
960
933
942
954
953
965
981
978
981
991
982
974
986
989
989
997
1007
1027
1057
1163
1221
1215
1280
1398
1415
1607
1654
1691
1718
1783
1836
1720
1730
1732
1731
1729
1822
1930
1877
1858
1877
1838
1904
1917
1881
1844
1920
1821
1787
1831
1933
1890
1876
1830
1685
1614
1549
1477
1414
1381
1344
1325
1265
1202
1255
1245
1209
1180
1157
1172
1120
1123
1120
1078
1085
1074
1104
1060
1066
1077
1079
1090
1080
1085
1088
1112
1092
1082
913
899
978
1004
1020
1030
1051
1109
1182
1166
1181
1193
1147
1076
870
923
1045
1079
1057
1070
1069
1053
1095
1170
1191
1211
1280
1119
1185
1309
1362
1363
1403
1504
1727
1888
1851
1894
1826
1786
1807
1830
1654
1599
1901
1898
1857
1845
1832
1878
1877
1869
1825
1829
1649
1665
1628
1667
1825
1845
1823
1749
1590
1603
1604
1550
1486
1369
1317
1268
1254
1220
1220
1192
1154
1123
1098
1079
1065
1048
1050
1037
1049
1042
1030
1034
1018
1034
1017
1026
1045
1018
1016
997
973
992
1001
1003
1013
1010
1019
1016
1036
1029
1015
1028
1005
1031
998
968
993
1018
993
994
986
1036
1027
1022
998
1001
1009
975
1016
1094
1135
1164
1210
1245
1368
1466
1567
1656
1776
1799
1799
1812
1800
1567
1515
1531
1639
1764
1697
1452
1483
1500
1651
1727
1678
1706
1699
1648
1658
1615
1623
1622
1572
1566
1569
1517
1478
1453
1422
1305
1204
1149
1153
1121
1058
1039
1056
1059
1055
1050
1039
1002
986
952
949
951
919
920
958
927
952
889
890
870
864
886
901
879
858
848
875
889
881
901
902
887
884
870
870
880
838
858
840
832
822
823
854
843
841
891
898
880
896
914
937
1010
1040
1087
1240
1310
1367
1419
1516
1586
1627
1678
1711
1671
1722
1789
1760
1750
1544
1641
1786
1772
1771
1786
1770
1741
1759
1738
1720
1717
1659
1583
1585
1529
1518
1539
1493
1448
1439
1400
1319
1167
1149
1097
1076
1039
1023
992
989
979
977
938
970
989
1001
970
939
946
931
929
938
937
936
937
913
925
929
921
911
891
915
917
925
944
945
937
951
954
960
955
961
966
964
963
989
959
975
973
982
983
969
982
994
998
1033
1033
1060
1100
1157
1230
1353
1428
1465
1537
1647
1681
1675
1686
1733
1660
1633
1733
1747
1725
1701
1706
1660
1649
1691
1710
1707
1662
1660
1708
1704
1716
1687
1679
1719
1736
1698
1649
1603
1556
1517
1478
1431
1294
1256
1206
1194
1140
1116
1081
1083
1074
1092
1065
1072
1068
1040
1048
1033
1031
1016
1014
1036
1020
1007
990
997
1022
1031
1019
1025
1030
1024
1001
1019
1010
997
1023
1032
1033
1039
1026
1036
1029
1033
1025
1050
1039
1038
1007
988
979
990
985
976
1027
1007
1012
1046
1012
1041
1053
1023
1030
1040
963
959
956
956
946
959
995
986
1024
1033
1016
1007
1006
993
994
1001
1006
962
947
964
994
1000
991
980
961
974
939
991
1001
990
1007
996
982
989
983
967
916
948
957
958
952
947
938
958
947
927
934
917
950
943
940
953
973
1004
1009
1008
1004
1018
971
975
949
946
936
948
954
934
940
922
946
951
946
942
935
942
953
942
917
933
947
941
916
924
932
935
936
935
940
925
914
929
922
940
935
951
954
948
940
947
934
946
946
931
938
929
940
940
942
944
940
952
947
953
946
947
936
942
928
939
941
948
962
965
983
1000
993
987
865
878
922
917
885
894
904
926
921
990
1014
983
1018
1034
1034
1046
966
874
928
939
965
969
934
946
905
941
934
959
940
946
949
944
937
940
947
970
940
1040
1031
945
962
971
973
938
987
1004
1045
1063
1056
940
995
1055
1057
1044
1042
1059
972
986
1066
1111
1146
1198
1278
1362
1411
1468
1600
1629
1681
1678
1741
1731
1716
1682
1731
1797
1555
1544
1597
1795
1495
1444
1542
1729
1757
1700
1708
1742
1770
1670
1683
1723
1753
1734
1749
1747
1520
1497
1479
1411
1350
1292
1267
1250
1203
1186
1157
1153
1135
1122
1109
1120
1101
1117
1104
1116
1099
1096
1095
1127
1133
1103
1093
1098
1070
1084
1087
1087
1084
1079
1072
1080
1056
1052
1069
1063
1069
1074
1059
1049
1068
1047
1055
1041
1038
1065
1059
1064
1071
1067
1101
1101
1125
1134
1167
1187
1230
1297
1341
1424
1450
1547
1624
1698
1813
1833
1787
1781
1766
1850
1863
1962
1719
1706
1774
1922
1707
1686
1794
1920
1726
1483
1553
1805
1864
1922
1840
1786
1730
1687
1676
1674
1642
1613
1577
1522
1382
1313
1280
1228
1200
1169
1175
1151
1109
1111
1097
1089
1101
1059
1084
1058
1078
1099
1126
1115
1063
1072
1069
1046
1005
997
997
1014
1022
1023
1028
1041
1028
1015
1012
1016
1002
993
997
1002
1005
1007
1013
1014
998
998
1013
1001
1013
1006
1039
1043
1066
1082
1094
1110
1200
1234
1269
1352
1469
1484
1612
1730
1726
1801
1800
1788
1716
1744
1763
1806
1848
1842
1818
1806
1769
1796
1774
1777
1708
1689
1675
1788
1782
1795
1851
1877
1830
1763
1744
1709
1675
1630
1560
1505
1359
1322
1257
1273
1253
1229
1208
1174
1170
1191
1167
1166
1137
1138
1131
1127
1129
1148
1123
1122
1095
1095
1080
1066
1051
1063
1047
1061
1055
1057
1048
1045
1043
1048
1050
1060
1076
1077
1088
1079
1090
1090
1082
1097
1090
1079
1109
1103
1092
1087
1067
1087
1079
1074
1093
1084
1125
1176
1233
1547
1591
1675
1605
1667
1726
1881
1785
1814
1757
1724
1789
1816
1821
1831
1862
1885
1823
1817
1846
1804
1770
1766
1785
1835
1762
1745
1736
1743
1714
1701
1662
1660
1641
1633
1580
1529
1386
1310
1245
1223
1192
1152
1130
1112
1083
1107
1079
1073
1077
1055
1074
1066
1081
1088
1078
1086
1068
1062
1054
1038
1033
997
1004
1014
1033
1017
1043
1039
1036
1019
1009
1018
993
1011
1028
1011
1019
973
976
974
989
1002
983
1036
1036
972
1020
1023
1047
1048
1122
1118
1162
1220
1273
1411
1449
1498
1556
1658
1695
1690
1783
1817
1815
1768
1814
1861
1824
1856
1789
1766
1787
1848
1795
1822
1777
1721
1727
1725
1704
1685
1665
1679
1659
1595
1532
1514
1341
1296
1279
1218
1233
1210
1161
1169
1105
1082
1027
1044
981
1002
969
982
954
969
975
1015
985
1012
986
1049
1259
1209
1000
993
980
986
969
980
959
986
972
1010
999
1004
1010
992
953
989
993
970
976
953
969
957
975
970
973
989
954
968
960
947
982
987
976
985
962
973
991
989
992
972
965
948
963
1059
1188
1113
942
890
898
864
959
1113
1109
1084
1081
1073
1047
1060
1022
1014
994
991
992
987
982
973
978
975
955
939
925
931
926
922
929
917
930
920
912
1050
1165
1116
938
929
931
942
931
963
973
1082
1049
1039
818
831
852
861
886
883
867
876
1082
1136
1005
906
908
938
911
947
915
907
897
903
924
927
901
893
902
919
953
926
927
937
963
983
975
986
904
921
916
928
907
932
915
934
933
942
940
935
910
912
897
920
932
930
937
949
968
957
971
1009
996
946
942
961
948
945
936
910
911
906
914
862
911
887
911
898
921
944
973
989
978
974
973
963
949
977
987
980
965
963
949
944
972
960
954
960
920
949
956
937
945
929
933
947
932
897
897
917
954
964
945
943
935
919
908
932
942
925
889
948
964
998
986
992
995
968
977
980
983
971
996
1007
1021
1015
1011
1046
1079
1135
1194
1227
1366
1427
1561
1655
1653
1723
1770
1851
1804
1838
1878
1874
1826
1877
1857
1855
1763
1788
1784
1805
1797
1788
1752
1797
2020
1966
1902
1700
1904
1655
1611
1582
1599
1620
1550
1523
1417
1339
1234
1225
1167
1137
1119
1072
999
1029
1005
1007
992
1105
1239
1122
968
956
948
953
928
937
945
951
944
971
1046
1174
1088
938
951
946
947
948
932
964
957
960
943
985
993
988
986
997
958
983
995
978
997
998
1015
977
1017
1050
1035
1058
1142
1231
1315
1376
1427
1530
1621
1743
1745
1768
1835
1911
1797
1832
1770
1761
1747
1846
1824
1772
1752
1843
1760
1738
1733
1760
1782
1820
1827
1770
1803
1687
1673
1719
1682
1616
1556
1567
1524
1437
1329
1263
1247
1220
1185
1093
1063
1027
1171
1252
1130
968
978
986
979
992
1000
958
1162
1182
1101
928
958
975
993
1007
992
958
971
995
995
1020
998
987
1006
1031
1008
971
983
1051
965
954
926
887
951
1016
1026
984
1141
1211
1181
1160
1060
955
961
953
1061
1104
1136
1252
1326
1453
1558
1671
1589
1427
1607
1634
1803
1723
1783
1773
1839
1821
1780
1800
1732
1744
1761
1779
1718
1664
1695
1705
1887
1908
1876
1890
1762
1585
1508
1544
1761
1761
1624
1381
1247
1162
1136
1144
1137
1075
1043
1028
979
971
1050
1201
1158
1000
888
863
980
1119
1127
1085
1070
1059
1038
1021
1034
1023
1019
1020
1006
1008
1007
999
995
982
988
1000
1004
1008
991
976
977
1001
989
1010
1011
997
1004
1017
1039
1073
1072
1131
1115
1136
1221
1207
1290
1347
1219
1212
1322
1405
1531
1645
1697
1817
1816
1942
1857
1807
1911
1879
1774
1742
1806
1752
1732
1742
1766
1785
1792
1993
2016
1828
1772
1760
1731
1746
1715
1680
1750
1687
1642
1622
1598
1525
1518
1531
1370
1208
1173
1090
1121
1059
1185
1330
1260
1063
1037
1040
990
984
1017
1222
1245
1074
946
929
902
920
924
976
1184
1202
1116
925
954
944
965
986
893
965
972
942
1135
1253
1085
971
928
970
952
934
921
867
1083
1094
1078
1086
1074
1133
1139
1176
1259
1326
1250
1275
1301
1367
1479
1564
1664
1693
1675
1737
1734
1722
1929
1917
1735
1788
1746
1679
1651
1681
1717
1759
1718
1702
1693
1723
1700
1697
1668
1681
1669
1646
1618
1602
1593
1505
1461
1407
1279
1228
1240
1172
1139
1154
1089
1069
1037
1029
1029
1004
985
988
993
1009
1010
1013
982
1020
1008
1008
1009
1041
1039
1083
1074
1045
1042
975
959
976
988
997
998
995
929
982
939
989
997
1001
970
960
926
928
953
958
995
979
968
980
961
962
921
930
969
957
996
974
946
956
964
964
967
965
949
957
980
1001
1023
1001
976
955
937
917
941
927
895
892
899
934
954
982
970
966
957
945
942
920
911
944
933
892
901
910
926
922
905
947
958
940
939
954
951
947
956
967
920
912
907
913
942
951
981
970
952
962
959
958
939
926
944
948
923
911
901
931
931
912
902
940
908
923
934
914
911
937
944
913
959
964
891
922
929
945
897
868
876
938
914
957
967
950
976
1005
1003
946
852
893
985
927
958
968
954
946
960
939
939
946
913
918
913
871
935
957
954
877
883
882
926
1006
940
928
914
907
915
940
977
935
927
900
960
886
962
950
902
931
946
927
968
949
977
970
975
993
1009
955
924
963
971
957
956
943
938
921
939
931
969
986
945
918
958
932
910
939
950
887
891
948
927
972
983
988
999
1005
1013
1021
1006
990
996
968
982
972
968
1021
1035
1039
1151
1201
1275
1347
1337
1412
1473
1593
1694
1779
1782
1843
1850
1777
1789
1811
1823
1816
1873
1921
1814
1792
1784
1802
1782
1919
1888
1893
1883
1825
1799
1875
1809
1770
1714
1673
1610
1640
1588
1490
1395
1315
1218
1239
1135
1170
1085
1102
1126
1086
1099
1108
1027
1059
1046
1058
1079
1093
1083
1061
1089
1086
1085
1060
1073
1068
1071
1066
1053
1051
1055
1063
1085
1097
1049
1055
1037
1037
1035
1030
1048
1068
1025
994
1005
1013
1008
1015
1021
1035
1024
995
976
950
957
1190
1270
1290
1359
1508
1611
1699
1804
1843
1893
1888
1941
1920
1698
1756
1803
1776
1741
1834
1743
1704
1858
2030
2062
1914
1555
1556
1685
1632
1837
1790
1799
1819
1754
1726
1711
1694
1633
1584
1562
1505
1397
1309
1246
1232
1230
1216
1163
1140
1098
1097
1077
1050
1069
1055
1053
963
951
1187
1174
1141
1134
1123
1108
1078
1054
1057
1035
1031
1032
1007
1016
1014
1011
1007
1018
990
1035
1017
1013
1016
1011
1018
1026
1014
1007
1018
1034
1025
1029
1019
1032
1028
1038
1062
1065
1083
1149
1219
1283
1327
1416
1508
1621
1705
1751
1748
1786
1760
1749
1755
1802
1774
1780
1799
1781
1858
1883
1847
1807
1826
1825
1838
1806
1802
1812
1810
1793
1763
1801
1808
1760
1742
1700
1684
1586
1484
1355
1300
1274
1250
1214
1198
1170
1182
1176
1172
1163
1140
1146
1129
1140
1137
1138
1123
1120
1113
1109
1103
1118
1090
1111
1105
1114
1089
1078
1075
1076
1073
1070
1073
1077
1062
1061
1058
1067
1053
1059
1052
1037
1037
1032
1038
1050
1033
1043
1038
1059
1059
1068
1092
1113
1122
1189
1252
1301
1411
1464
1552
1630
1786
1818
1784
1840
1824
1786
1793
1867
1892
1843
1915
1946
1878
1880
1799
1812
1876
2065
1921
1819
1845
1876
1824
1825
1850
1838
1844
1804
1726
1745
1756
1715
1555
1413
1369
1248
1201
1132
1155
1121
1128
1108
1107
1176
1097
1087
1094
1099
1047
1035
1048
1035
1037
1070
1074
1085
1068
1047
1019
1019
1000
998
948
964
964
978
989
988
999
992
1008
1006
1007
1006
986
995
998
981
981
1023
1033
1019
1033
1034
1018
1019
1037
1033
1060
1102
1152
1236
1351
1443
1473
1585
1666
1704
1777
1829
1866
1802
1811
1787
1764
1786
1748
1751
1698
1677
1714
1703
1680
1693
1701
1682
1669
1667
1663
1685
1665
1646
1565
1511
1559
1529
1463
1372
1333
1262
1223
1170
1142
1086
1020
972
1002
1020
1016
957
939
941
989
989
1173
1225
985
920
945
972
934
945
968
987
1008
1009
972
1002
1001
1048
1065
1035
1026
1008
986
1002
998
995
1018
1029
1026
1040
1029
1027
1002
994
1006
984
979
962
976
982
959
952
949
964
972
986
960
969
970
962
956
964
955
949
953
957
957
984
969
978
982
980
973
986
963
965
964
975
955
966
973
965
968
960
957
957
934
944
936
928
938
927
935
961
970
987
981
979
986
963
971
960
966
964
964
975
964
951
976
964
954
955
954
935
923
935
961
940
941
935
934
935
935
917
939
937
958
959
966
986
986
1000
1001
979
984
990
980
979
945
911
920
894
901
890
905
937
935
955
961
966
979
951
949
989
995
965
992
942
955
971
962
976
977
977
993
986
977
952
941
907
918
913
941
955
964
986
996
1005
995
971
953
963
949
926
942
965
909
929
970
958
957
933
926
954
966
991
997
979
966
947
957
984
988
985
980
973
981
985
993
988
966
952
951
913
928
941
944
934
921
899
903
905
927
900
913
924
885
912
929
933
964
958
973
948
955
970
991
982
989
989
997
1047
1041
1052
1067
1117
1183
1256
1305
1385
1478
1598
1648
1705
1815
1866
1860
1756
1751
1799
1832
1868
1917
1832
1877
1799
1756
1757
1774
1816
1841
1760
1798
1794
1752
1754
1704
1641
1674
1636
1586
1536
1511
1479
1440
1332
1269
1228
1198
1141
1105
1084
1060
1017
1031
1016
1020
992
984
988
996
1013
1010
1002
1010
980
988
1005
1006
1002
1003
992
994
998
1000
994
986
978
979
968
961
969
965
955
968
955
964
968
969
965
963
966
973
982
976
978
998
993
1022
1034
1048
1137
1174
1214
1343
1398
1495
1631
1673
1710
1743
1763
1741
1694
1699
1768
1757
1713
1729
1747
1742
1754
1716
1731
1742
1737
1712
1734
1748
1685
1625
1643
1679
1677
1617
1554
1546
1530
1478
1423
1354
1247
1230
1184
1167
1140
1119
1077
1047
1027
1041
1053
1024
1026
1003
1017
1053
1012
1007
983
1005
1032
1007
995
1000
997
982
986
988
997
1021
1032
1042
1036
1034
1004
958
952
973
955
989
986
972
990
973
960
896
919
934
942
957
950
957
1004
1006
1045
1020
1129
1117
1150
1175
1296
1315
1445
1483
1526
1649
1662
1629
1581
1614
1639
1633
1634
1657
1637
1693
1609
1584
1602
1579
1545
1540
1532
1522
1457
1499
1496
1451
1385
1358
1330
1239
1120
1059
985
1016
989
1091
1214
1180
891
883
873
857
842
1090
1086
985
846
851
851
914
917
868
1062
1137
949
899
921
893
900
914
952
954
1081
1125
961
934
935
916
917
904
918
943
893
918
956
964
975
968
955
958
934
938
939
899
906
914
899
902
883
889
872
898
905
904
968
972
949
931
924
893
883
930
925
919
920
919
902
906
917
901
924
914
914
901
902
914
945
942
949
923
969
945
925
903
897
901
872
854
841
835
907
910
943
1138
1087
846
835
856
889
888
871
831
828
929
1101
1085
863
853
868
861
871
866
873
828
943
1129
1101
894
917
913
925
912
915
920
907
903
908
912
900
906
902
909
911
903
917
910
891
904
908
902
904
898
899
905
914
918
910
920
930
930
948
956
959
935
909
910
922
922
932
899
898
900
907
921
927
926
944
962
919
945
948
934
931
913
927
940
931
933
917
941
932
954
962
994
974
952
931
927
911
921
915
883
885
888
943
926
944
1115
1150
991
892
911
919
872
893
882
886
884
901
941
960
991
943
954
936
944
953
926
932
902
919
896
890
921
943
931
911
936
913
889
895
902
909
920
927
936
919
888
932
924
917
898
919
884
865
938
924
971
941
943
942
953
946
942
949
937
919
956
967
955
976
998
979
979
963
935
900
918
892
901
885
868
908
912
900
915
914
922
926
950
934
928
923
915
935
946
944
961
938
1057
1157
1047
845
864
885
915
906
905
912
911
890
874
878
907
907
928
939
973
960
933
924
930
957
959
961
959
967
924
952
946
930
920
946
952
959
936
900
908
917
904
892
904
921
919
927
907
942
950
930
944
946
958
951
948
901
909
913
938
936
897
908
919
921
908
911
930
907
916
871
892
928
882
897
933
916
885
844
871
883
896
927
900
928
909
942
935
967
905
940
887
935
922
968
918
882
920
913
926
964
894
895
878
911
918
941
909
932
930
932
938
913
920
912
906
921
909
909
914
940
905
903
918
912
927
905
889
901
871
898
922
959
992
984
963
979
856
923
994
992
977
984
955
959
1025
1074
1125
1167
1245
1328
1439
1509
1548
1608
1563
1587
1516
1492
1519
1563
1559
1488
1577
1527
1522
1543
1549
1564
1546
1516
1559
1576
1487
1443
1450
1472
1472
1441
1467
1398
1388
1378
1359
1322
1250
1197
1155
1123
1107
1059
1061
1035
1023
998
940
895
871
913
1159
1190
1019
951
942
900
891
926
913
900
926
939
947
930
940
916
941
945
957
955
950
953
977
954
967
926
936
980
985
962
959
958
957
979
956
960
974
977
969
981
992
980
1030
1067
1162
1213
1273
1278
1380
1433
1420
1472
1506
1542
1578
1521
1513
1528
1513
1525
1502
1531
1532
1527
1509
1524
1514
1485
1457
1466
1444
1417
1413
1394
1390
1539
1555
1413
1352
1333
1308
1284
1258
1117
1105
1090
1082
1042
1037
1008
1010
1000
989
1002
970
941
916
924
914
1009
1145
1074
880
915
932
928
938
930
974
982
934
908
906
927
942
958
966
955
933
934
934
924
909
892
895
890
901
908
902
928
956
973
956
927
925
931
954
939
986
1027
1067
1090
1140
1171
1170
1348
1348
1365
1442
1482
1468
1433
1463
1417
1437
1366
1395
1353
1381
1341
1330
1346
1333
1294
1413
1469
1433
1396
1340
1277
1247
1197
1173
1131
1111
1087
1108
1066
1024
1019
1009
1020
1002
984
970
945
937
933
1088
1165
1080
920
939
936
794
650
639
624
649
637
636
624
622
614
627
633
882