data
-0.1
-0.1
-0.1
-0.1
-0.14
-0.06
-0.14
-0.14
-0.14
-0.1
-0.1
-0.1
-0.1
-0.1
-0.18
-0.1
-0.1
-0.1
-0.14
-0.1
-0.06
-0.1
-0.14
-0.14
-0.1
-0.1
-0.18
-0.1
-0.14
-0.1
-0.18
-0.14
-0.14
-0.1
-0.18
-0.14
-0.14
-0.1
-0.06
-0.14
-0.1
-0.1
-0.1
-0.1
-0.1
-0.1
-0.1
-0.06
-0.14
-0.14
-0.06
-0.1
-0.14
-0.1
-0.1
-0.06
-0.06
-0.06
-0.06
-0.1
-0.1
-0.1
-0.1
-0.1
-0.14
-0.14
-0.1
-0.14
-0.14
-0.1
-0.1
-0.1
-0.1
-0.1
-0.14
-0.06
-0.1
-0.1
-0.1
-0.14
-0.1
-0.14
-0.1
-0.1
-0.18
-0.1
-0.1
-0.14
-0.1
-0.1
-0.1
-0.18
-0.1
-0.1
-0.1
-0.1
-0.14
-0.1
-0.06
-0.14
-0.02
0.1
0.22
0.3
0.42
0.46
0.62
0.7
0.74
0.82
0.9
1.02
1.1
1.14
1.26
1.3
1.3
1.42
1.46
1.5
1.58
1.58
1.74
1.74
1.78
1.9
1.86
1.94
2.02
2.1
2.1
2.14
2.18
2.22
2.26
2.26
2.3
2.22
2.1
1.82
1.1
0.86
0.9
1.02
1.02
1.1
1.14
1.14
1.18
1.26
1.3
1.38
1.42
1.46
1.5
1.62
1.66
1.7
1.82
1.98
2.06
2.22
2.26
2.34
2.46
2.58
2.66
2.74
2.82
2.9
2.98
3.1
3.22
3.3
3.34
3.38
3.42
3.5
3.54
3.58
3.58
3.7
3.7
3.74
3.74
3.82
3.78
3.82
3.82
3.94
3.9
3.9
3.82
3.9
3.9
3.9
3.94
3.9
3.94
3.98
3.94
3.98
3.98
3.98
3.98
3.94
3.94
3.98
3.98
3.98
3.98
3.98
3.98
3.98
3.98
3.98
3.98
3.98
3.98
3.98
3.98
3.9
3.98
3.94
3.98
3.98
3.98
3.98
3.98
3.98
4.02
3.98
4.02
3.98
3.98
3.94
3.98
3.98
3.98
3.94
3.98
3.98
3.98
3.94
3.98
3.98
3.98
3.9
3.94
3.94
3.98
3.98
3.98
3.98
3.98
4.02
3.98
3.98
3.98
3.9
3.98
3.94
3.98
3.98
3.98
3.98
3.98
3.94
3.98
4.02
3.98
3.98
3.98
3.98
3.98
3.9
3.98
3.98
3.94
3.98
3.98
3.98
3.98
3.98
3.98
3.94
3.98
3.94
3.98
3.94
3.98
3.9
3.94
3.98
3.98
3.98
3.94
3.94
3.98
3.98
3.98
3.98
3.98
3.98
3.98
3.98
3.98
3.98
3.98
3.98
3.94
3.98
3.98
3.9
4.02
3.9
4.02
3.98
3.98
3.94
3.94
3.98
3.94
3.98
3.98
3.98
3.98
3.98
3.98
3.94
3.98
3.98
3.98
3.94
3.94
3.9
3.98
3.9
3.98
3.94
3.98
3.9
3.9
3.98
3.98
3.98
3.98
3.98
3.98
3.98
3.9
3.98
3.98
3.94
3.98
3.94
3.98
3.98
3.9
3.98
3.9
3.98
3.98
3.98
3.98
3.98
3.98
3.94
3.98
4.02
3.98
3.98
3.94
3.9
3.94
3.98
3.94
3.9
3.98
3.94
3.98
3.94
3.98
3.98
3.98
3.9
3.98
3.98
3.98
3.98
3.98
3.98
3.98
3.94
3.98
3.98
3.94
3.98
3.9
3.94
3.98
3.94
3.94
3.94
3.9
3.98
3.98
3.98
3.98
3.98
3.9
3.94
3.98
3.94
3.98
3.98
3.98
3.98
3.98
3.98
3.94
3.98
3.98
3.9
3.98
3.98
3.9
3.94
3.9
3.62
3.22
2.38
2.14
1.9
1.74
1.58
1.46
1.34
1.22
1.18
1.14
1.06
0.98
0.9
0.9
0.78
0.78
0.82
0.74
0.66
0.66
0.66
0.62
0.58
0.58
0.54
0.58
0.54
0.58
0.58
0.5
0.5
0.5
0.5
0.54
0.5
0.5
0.5
0.5
0.5
0.42
0.46
0.42
0.42
0.42
0.46
0.42
0.38
0.38
0.42
0.38
0.42
0.38
0.38
0.38
0.34
0.46
0.3
0.38
0.38
0.38
0.38
0.3
0.3
0.34
0.38
0.34
0.3
0.3
0.34
0.34
0.3
0.3
0.34
0.38
0.3
0.34
0.3
0.3
0.3
0.26
0.26
0.26
0.26
0.26
0.3
0.26
0.26
0.26
0.3
0.26
0.18
0.3
0.22
0.22
0.22
0.22
0.22
0.18
0.18
0.18
0.22
0.22
0.22
0.26
0.22
0.18
0.18
0.18
0.22
0.18
0.14
0.18
0.14
0.18
0.14
0.22
0.14
0.18
0.14
0.14
0.18
0.14
0.14
0.14
0.22
0.18
0.18
0.18
0.14
0.14
0.14
0.14
0.14
0.14
0.14
0.14
0.14
0.14
0.14
0.14
0.1
0.1
0.14
0.14
0.14
0.14
0.14
0.1
0.14
0.1
0.1
0.14
0.14
0.22
0.38
0.62
0.9
0.9
0.82
0.82
0.82
0.78
0.74
0.74
0.74
0.62
0.62
0.62
0.62
0.62
0.58
0.58
0.58
0.5
0.5
0.46
0.46
0.46
0.42
0.42
0.46
0.42
0.42
0.38
0.38
0.38
0.34
0.34
0.3
0.34
0.34
0.34
0.26
0.26
0.26
0.22
0.26
0.26
0.22
0.22
0.22
0.18
0.18
0.18
0.18
0.14
0.18
0.1
0.14
0.14
0.14
0.14
0.14
0.1
0.1
0.1
0.06
0.1
0.06
0.06
0.02
0.02
0.06
0.06
0.06
0.02
0.06
0.06
0.06
-0.02
0.02
-0.02
-0.02
-0.02
-0.06
-0.02
-0.06
-0.02
-0.02
-0.02
-0.02
-0.02
0.02
-0.06
-0.02
-0.02
-0.06
-0.02
-0.1
-0.06
-0.1
-0.1
-0.06
-0.06
-0.1
-0.14
-0.1
-0.06
-0.06
-0.1
-0.06
-0.1
-0.1
-0.06
-0.06
-0.1
-0.18
-0.06
-0.1
-0.14
-0.1
-0.1
-0.06
-0.1
-0.14
-0.14
-0.1
-0.1
-0.1
-0.1
-0.1
-0.14
-0.1
-0.1
-0.1
-0.1
-0.1
-0.14
-0.1
-0.1
-0.1
-0.14
-0.1
-0.1
-0.1
-0.06
-0.1
-0.14
-0.1
-0.14
-0.14
-0.1
-0.14
-0.06
-0.1
-0.14
-0.1
-0.14
-0.14
-0.14
-0.14
-0.14
-0.1
-0.14
-0.1
-0.1
-0.14
-0.06
-0.14
-0.1
-0.1
-0.06
-0.06
-0.14
-0.1
-0.14
-0.14
-0.1
-0.1
-0.1
-0.1
-0.1
-0.1
-0.1
-0.14
-0.1
-0.1
-0.06
-0.14
-0.1
-0.06
-0.1
-0.1
-0.1
-0.18
-0.14
-0.1
-0.1
-0.14
-0.1
-0.14
-0.14
-0.1
-0.1
-0.14
-0.1
-0.06
-0.1
-0.1
-0.06
-0.1
-0.1
-0.1
-0.14
-0.1
-0.1
-0.1
-0.1
-0.1
-0.18
-0.14
-0.1
-0.18
-0.14
-0.14
-0.1
-0.1
-0.1
-0.1
-0.06
-0.06
-0.14
-0.14
-0.1
-0.14
-0.06
-0.14
-0.1
-0.14
-0.1
-0.1
-0.18
-0.1
-0.1
-0.1
-0.06
-0.1
-0.1
-0.1
-0.06
-0.1
-0.14
-0.1
-0.06
-0.18
-0.1
-0.14
-0.14
-0.14
-0.1
-0.1
-0.1
-0.1
-0.1
-0.1
-0.1
-0.1
-0.1
-0.14
-0.1
-0.1
-0.1
-0.1
-0.1
-0.1
-0.18
-0.1
-0.14
-0.1
-0.1
-0.1
-0.06
-0.1
-0.1
-0.14
-0.1
-0.06
-0.1
-0.18
-0.06
-0.1
-0.1
-0.14
-0.06
-0.14
-0.14
-0.1
-0.14
-0.1
-0.18
-0.14
-0.1
-0.06
-0.1
-0.06
-0.1
-0.14
-0.02
-0.1
-0.1
-0.14
-0.1
-0.1
-0.06
-0.06
-0.14
-0.14
-0.14
-0.1
-0.14
-0.1
-0.1
-0.14
-0.14
-0.06
-0.1
-0.1
-0.06
-0.14
-0.14
-0.1
-0.1
-0.14
-0.1
-0.1
-0.14
-0.1
-0.14
-0.1
-0.1
-0.1
-0.06
-0.06
-0.1
-0.1
-0.14
-0.1
-0.14
-0.1
-0.14
-0.1
-0.1
-0.1
-0.06
-0.1
-0.14
-0.14
-0.14
-0.1
-0.14
-0.1
-0.1
-0.1
-0.14
-0.1
-0.06
-0.1
-0.14
-0.1
-0.1
-0.14
-0.14
-0.1
-0.1
-0.1
-0.1
-0.1
-0.1
-0.1
-0.14
-0.1
-0.1
-0.1
-0.14
-0.02
-0.06
-0.14
-0.14
-0.1
-0.14
-0.1
-0.1
-0.1
-0.1
-0.1
-0.14
-0.18
-0.06
-0.18
-0.1
-0.14
-0.1
-0.1
-0.06
-0.14
-0.14
-0.14
-0.1
-0.1
-0.06
-0.1
-0.1
-0.1
-0.06
-0.14
-0.14
-0.1
-0.1
-0.1
-0.14
-0.06
-0.14
-0.1
-0.1
-0.06
-0.1
-0.14
-0.14
-0.1
-0.18
-0.06
-0.14
-0.06
-0.14
-0.06
-0.1
-0.18
-0.1
-0.14
-0.14
-0.1
-0.14
-0.1
-0.1
-0.1
-0.1
-0.14
-0.1
-0.1
-0.06
-0.1
-0.1
-0.14
-0.1
-0.06
-0.1
-0.14
-0.1
-0.14
-0.14
-0.1
-0.14
-0.14
-0.06
-0.1
-0.14
-0.1
-0.14
-0.06
-0.1
-0.1
-0.1
-0.14
-0.1
-0.1
-0.1
-0.1
-0.06
-0.1
-0.06
-0.1
-0.1
-0.1
-0.1
-0.1
-0.1
-0.1
-0.1
-0.1
-0.1
-0.14
-0.14
-0.06
-0.14
-0.1
-0.14
-0.14
-0.1
-0.1
-0.1
-0.1
-0.14
-0.14
-0.14
-0.1
-0.1
-0.14
-0.14
-0.14
-0.14
-0.14
-0.14
-0.1
-0.1
-0.1
-0.06
-0.1
-0.1
-0.1
-0.06
0.1
0.42
0.66
0.86
1.1
1.3
1.54
1.7
1.82
2.06
2.14
2.34
2.46
2.58
2.66
2.82
2.86
2.94
3.02
3.14
3.14
3.26
3.3
3.38
3.5
3.5
3.5
3.54
3.66
3.66
3.7
3.74
3.78
3.78
3.82
3.86
3.86
3.9
3.9
3.98
3.98
3.98
3.98
3.98
4.02
4.06
4.06
4.1
4.1
4.1
4.14
4.14
4.14
4.1
4.1
4.18
4.14
4.18
4.14
4.14
4.18
4.18
4.18
4.18
4.18
4.22
4.22
4.18
4.22
4.18
4.22
4.26
4.22
4.18
4.18
4.22
4.26
4.22
4.26
4.26
4.22
4.26
4.26
4.26
4.22
4.26
4.26
4.26
4.26
4.26
4.26
4.22
4.26
4.26
4.26
4.22
4.3
4.3
4.26
4.22
4.3
4.26
4.26
4.26
4.26
4.26
4.26
4.22
4.26
4.26
4.18
4.3
4.3
4.26
4.22
4.26
4.26
4.26
4.26
4.3
4.26
4.18
4.22
4.26
4.26
4.22
4.26
4.26
4.22
4.22
4.26
4.3
4.22
4.3
4.26
4.22
4.26
4.3
4.26
4.22
4.26
4.26
4.26
4.3
4.22
4.22
4.26
4.26
4.22
4.26
4.26
4.26
4.26
4.26
4.26
4.22
4.22
4.22
4.22
4.26
4.18
4.3
4.18
4.26
4.22
4.18
4.26
4.22
4.22
4.22
4.18
4.18
4.18
4.14
4.14
4.14
4.06
4.06
4.02
4.02
3.98
3.94
3.78
3.7
3.42
3.18
2.58
1.5
0.66
0.82
0.98
1.02
1.06
0.9
0.82
0.82
0.86
0.9
0.98
1.02
1.02
1.02
1.18
1.14
1.22
1.26
1.26
1.26
1.42
1.42
1.46
1.54
1.62
1.7
1.74
1.86
1.98
2.1
2.22
2.3
2.42
2.54
2.62
2.74
2.82
2.9
2.98
3.14
3.26
3.34
3.42
3.5
3.54
3.62
3.7
3.78
3.82
3.94
3.9
3.98
3.98
3.98
4.06
4.02
4.14
4.14
4.14
4.18
4.22
4.22
4.22
4.22
4.22
4.26
4.22
4.26
4.26
4.22
4.26
4.22
4.22
4.26
4.26
4.26
4.26
4.3
4.3
4.26
4.26
4.26
4.26
4.3
4.26
4.26
4.3
4.22
4.26
4.3
4.26
4.26
4.3
4.3
4.3
4.26
4.34
4.26
4.3
4.26
4.26
4.26
3.82
3.38
2.34
2.14
1.98
1.74
1.58
1.42
1.38
1.26
1.14
1.1
1.06
0.94
0.94
0.82
0.9
0.78
0.74
0.74
0.7
0.66
0.62
0.62
0.58
0.58
0.58
0.5
0.54
0.54
0.54
0.54
0.5
0.5
0.54
0.42
0.42
0.5
0.46
0.42
0.42
0.42
0.42
0.42
0.42
0.42
0.38
0.38
0.42
0.42
0.42
0.38
0.34
0.38
0.38
0.38
0.34
0.38
0.38
0.34
0.34
0.38
0.34
0.38
0.3
0.3
0.38
0.3
0.26
0.3
0.3
0.34
0.3
0.26
0.34
0.26
0.26
0.3
0.26
0.22
0.26
0.34
0.22
0.3
0.3
0.26
0.26
0.26
0.26
0.22
0.22
0.26
0.22
0.26
0.22
0.22
0.26
0.26
0.22
0.22
0.22
0.22
0.22
0.22
0.26
0.22
0.18
0.22
0.22
0.22
0.22
0.18
0.22
0.18
0.18
0.22
0.22
0.22
0.22
0.18
0.22
0.18
0.22
0.22
0.22
0.22
0.18
0.22
0.22
0.22
0.22
0.22
0.22
0.22
0.14
0.22
0.22
0.14
0.18
0.18
0.18
0.22
0.22
0.22
0.22
0.38
0.62
0.9
1.02
0.9
0.94
0.82
0.86
0.82
0.78
0.78
0.74
0.74
0.7
0.74
0.62
0.58
0.62
0.58
0.58
0.62
0.54
0.54
0.58
0.54
0.5
0.5
0.46
0.46
0.46
0.42
0.38
0.42
0.42
0.38
0.34
0.38
0.34
0.3
0.34
0.3
0.26
0.3
0.26
0.26
0.26
0.22
0.26
0.22
0.22
0.18
0.18
0.22
0.18
0.18
0.14
0.14
0.14
0.14
0.18
0.14
0.1
0.14
0.14
0.14
0.1
0.06
0.06
0.1
0.1
0.06
0.1
0.02
0.06
0.02
0.02
0.02
0.02
-0.02
0.02
0.02
-0.06
0.02
-0.02
-0.02
-0.02
-0.06
-0.02
-0.06
-0.02
-0.02
-0.02
-0.02
-0.02
-0.1
-0.02
-0.02
-0.02
-0.02
-0.06
-0.06
-0.06
-0.06
-0.06
-0.06
-0.14
-0.06
-0.1
-0.1
-0.06
-0.14
-0.1
-0.14
-0.06
-0.14
-0.14
-0.1
-0.1
-0.1
-0.18
-0.14
-0.14
-0.1
-0.1
-0.14
-0.1
-0.1
-0.14
-0.1
-0.1
-0.14
-0.1
-0.14
-0.1
-0.14
-0.1
-0.14
-0.1
-0.06
-0.1
-0.14
-0.1
-0.14
-0.1
-0.14
-0.1
-0.14
-0.14
-0.1
-0.14
-0.1
-0.14
-0.1
-0.14
-0.1
-0.1
-0.1
-0.14
-0.14
-0.06
-0.1
-0.14
-0.22
-0.14
-0.14
-0.14
-0.14
-0.14
-0.14
-0.1
-0.1
-0.14
-0.14
-0.14
-0.14
-0.1
-0.1
-0.1
-0.1
-0.14
-0.1
-0.14
-0.14
-0.14
-0.1
-0.14
-0.14
-0.06
-0.14
-0.14
-0.1
-0.1
-0.14
-0.1
-0.1
-0.1
-0.1
-0.14
-0.14
-0.14
-0.14
-0.14
-0.1
-0.14
-0.14
-0.06
-0.06
-0.1
-0.1
-0.06
-0.1
-0.06
-0.14
-0.1
-0.1
-0.1
-0.14
-0.14
-0.1
-0.1
-0.1
-0.1
-0.14
-0.1
-0.14
-0.1
-0.14
-0.06
-0.14
-0.14
-0.14
-0.1
-0.14
-0.1
-0.14
-0.14
-0.06
-0.1
-0.1
-0.14
-0.1
-0.14
-0.14
-0.14
-0.14
-0.1
-0.14
-0.1
-0.14
-0.1
-0.1
-0.1
-0.1
-0.14
-0.1
-0.14
-0.06
-0.06
-0.02
-0.1
-0.06
-0.1
-0.1
-0.1
-0.14
-0.06
-0.14
-0.1
-0.1
-0.1
-0.18
-0.14
-0.14
-0.14
-0.1
-0.14
-0.1
-0.14
-0.1
-0.1
-0.06
-0.1
-0.1
-0.1
-0.1
-0.1
-0.06
-0.14
-0.14
-0.06
-0.1
-0.14
-0.1
-0.1
-0.14
-0.06
-0.1
-0.1
-0.1
-0.1
-0.18
-0.14
-0.1
-0.14
-0.14
-0.1
-0.14
-0.14
-0.14
-0.14
-0.1
-0.1
-0.1
-0.14
-0.1
-0.1
-0.14
-0.1
-0.1
-0.14
-0.1
-0.14
-0.1
-0.14
-0.1
-0.14
-0.1
-0.06
-0.14
-0.14
-0.06
-0.14
-0.1
-0.18
-0.1
-0.1
-0.14
-0.1
-0.1
-0.14
-0.14
-0.14
-0.1
-0.1
-0.1
-0.1
-0.06
-0.14
-0.1
-0.1
-0.14
-0.1
-0.14
-0.14
-0.14
-0.14
-0.06
-0.1
-0.1
-0.14
-0.1
-0.14
-0.1
-0.1
-0.1
-0.14
-0.1
-0.1
-0.1
-0.1
-0.1
-0.06
-0.06
-0.14
-0.1
-0.14
-0.1
-0.1
-0.14
-0.1
-0.1
-0.14
-0.1
-0.1
-0.1
-0.1
-0.14
-0.1
-0.14
-0.14
-0.1
-0.1
-0.14
-0.14
-0.1
-0.14
-0.1
-0.1
-0.14
-0.1
-0.1
-0.14
-0.1
-0.1
-0.18
-0.18
-0.1
-0.1
-0.06
-0.14
-0.1
-0.1
-0.14
-0.1
-0.1
-0.1
-0.14
-0.1
-0.14
-0.1
-0.1
-0.1
-0.14
-0.1
-0.14
-0.1
-0.1
-0.1
-0.14
-0.14
-0.14
-0.14
-0.14
-0.14
-0.1
-0.06
-0.14
-0.1
-0.1
-0.1
-0.14
-0.14
-0.1
-0.14
-0.1
-0.14
-0.14
-0.06
-0.14
-0.14
-0.18
-0.14
-0.06
-0.14
-0.14
-0.06
-0.1
-0.1
-0.1
-0.14
-0.1
-0.1
-0.1
-0.1