990
990
990
989
989
988
988
987
987
986
986
986
986
986
986
986
986
985
985
985
984
985
985
985
984
984
984
984
984
983
983
982
982
982
981
981
980
980
979
980
981
981
981
982
982
982
982
982
983
983
983
983
983
983
982
982
982
982
982
981
981
981
980
980
980
979
979
979
978
978
977
977
976
976
975
975
974
974
973
973
972
972
971
971
970
969
969
968
968
967
967
966
966
965
964
964
963
963
962
961
961
960
960
959
958
958
957
956
956
955
954
954
953
953
952
951
951
950
949
949
948
947
947
946
946
945
945
944
944
944
944
943
943
943
942
942
942
942
941
941
940
940
939
939
938
938
937
937
936
936
935
935
935
934
934
934
934
933
933
933
932
932
932
932
931
931
931
931
930
930
930
930
929
929
929
928
928
928
927
927
926
926
926
925
925
924
924
923
923
922
922
921
921
920
920
919
919
918
918
917
917
916
916
916
915
915
914
914
913
913
913
912
912
912
912
911
911
911
911
911
911
911
911
911
911
912
912
913
914
914
914
914
913
912
912
911
910
910
909
908
908
907
907
906
905
905
904
903
903
902
901
901
900
900
899
899
898
898
897
897
896
896
895
895
894
894
893
893
892
892
891
891
890
890
890
890
889
890
890
892
893
895
899
989
1004
1005
1005
1005
1005
1005
1004
1004
1004
1004
1003
1003
1003
1002
1002
1001
1001
1000
1000
999
999
998
998
998
997
997
996
996
995
995
994
994
993
993
992
992
991
991
990
990
989
989
988
988
987
987
986
986
985
985
984
984
983
983
982
982
981
981
980
980
979
979
978
978
977
977
976
976
975
975
974
974
973
973
972
972
971
971
970
970
969
969
968
968
967
967
966
966
965
965
964
964
963
963
962
962
961
961
960
960
959
959
958
958
957
957
957
956
956
955
955
954
954
953
953
952
952
951
951
950
949
949
948
947
947
946
945
944
944
943
942
941
940
939
939
938
937
936
935
934
933
932
931
930
930
929
928
927
926
926
925
924
924
923
923
922
921
921
920
920
919
919
918
918
917
917
916
916
915
914
914
913
913
912
912
911
911
910
910
909
909
908
908
907
907
906
905
905
904
904
903
903
902
902
901
901
900
900
899
899
898
898
897
897
896
896
895
894
894
893
893
892
892
891
891
890
890
889
889
888
888
887
887
886
886
885
885
884
884
883
883
882
882
881
881
880
880
879
878
878
877
877
876
876
875
875
874
874
873
873
872
872
871
871
870
870
869
869
868
868
867
866
866
865
865
864
864
863
935
934
933
932
931
930
929
928
927
926
925
934
937
936
936
934
934
923
922
920
920
919
917
917
917
915
914
917
917
915
906
907
906
906
906
905
904
903
902
901
900
899
898
897
896
895
894
893
892
891
890
889
888
887
886
885
884
883
882
881
880
879
878
877
876
885
884
883
882
881
880
879
878
877
876
875
875
875
875
875
875
875
874
874
874
874
874
877
876
875
874
874
873
873
873
873
873
873
873
872
872
873
872
876
875
874
873
872
872
872
873
872
872
872
871
871
871
872
871
871
871
871
871
871
871
871
870
870
909
908
907
906
905
904
903
902
901
900
899
898
897
896
895
894
893
892
891
890
889
888
887
886
885
884
883
883
883
882
882
881
881
881
880
880
880
879
879
879
879
879
879
879
879
878
878
878
877
877
877
877
877
876
876
875
875
875
875
875
875
875
874
874
127
127
127
126
125
124
123
122
121
120
119
118
117
116
115
114
113
112
111
110
109
108
107
106
105
104
103
102
101
100
99
98
97
96
95
94
93
92
91
90
89
88
87
86
85
84
83
82
81
80
79
78
77
76
75
74
73
72
71
70
69
68
67
66
65
64
63
62
61
60
59
58
57
56
55
54
53
52
51
50
49
48
47
46
45
44
43
42
41
40
39
38
37
36
35
34
33
32
31
30
29
28
27
26
25
24
23
22
21
20
19
18
17
16
15
14
13
12
11
10
9
8
7
6
5
4
3
2
1
0
11
10
9
8
7
6
5
4
3
2
1
0
0
0
0
0
0
0
0
0
0
0
0
0
0
0
0
0
0
0
0
0
0
0
0
0
0
0
0
0
0
0
0
0
0
0
0
0
0
0
0
0
0
0
0
0
0
0
0
0
0
0
0
0
0
0
0
0
0
0
0
0
0
0
0
0
0
0
0
0
0
0
0
0
0
0
0
0
0
0
0
0
0
0
0
0
9
8
7
6
5
4
3
2
1
0
0
0
1009
1008
1007
1007
1006
1006
1006
1005
1005
1004
1004
1003
1003
1003
1002
1002
1001
1001
1001
1000
1000
999
999
999
998
998
997
997
997
997
997
997
996
996
996
996
996
995
995
995
995
995
994
994
994
993
993
993
992
992
992
991
991
990
990
990
989
988
991
992
992
992
993
993
993
993
994
994
994
994
994
994
993
993
993
993
993
992
992
992
991
991
991
990
990
989
989
988
988
987
987
986
986
985
985
984
984
983
983
982
982
981
981
980
980
979
978
978
977
977
976
976
975
974
974
973
973
972
971
971
970
970
969
968
968
967
967
966
965
965
964
963
963
962
961
961
961
960
960
960
960
960
960
960
960
960
959
959
959
959
959
958
958
958
958
958
957
957
957
956
956
956
956
956
956
955
955
955
955
955
955
955
955
955
955
955
955
955
954
954
954
954
954
954
954
954
954
954
953
953
953
953
953
953
953
953
953
953
952
952
952
952
952
952
952
952
952
952
952
952
953
953
953
953
954
954
954
954
954
954
953
953
952
952
952
1863
1862
1861
1860
1859
1858
1857
1856
1855
1854
1853
1852
1851
1850
1849
1848
1847
1846
1845
1844
1843
1842
1841
1840
1839
1838
1837
1836
1835
1834
1833
1832
1831
1830
1829
1828
1827
1826
1825
1824
1823
1822
1821
1820
1819
1818
1817
1816
1815
1814
1813
1812
1811
1810
1809
1808
1807
1806
1805
1804
1803
1802
1801
1800
1799
1798
1797
1796
1795
1794
1793
1792
1791
1790
1789
1788
1787
1786
1785
1784
1783
1782
1781
1780
1779
1778
1777
1776
1775
1774
1773
1772
1771
1770
1769
1768
1767
1766
1765
1764
1763
1762
1761
1760
1759
1758
1757
1756
1755
1754
1753
1752
1751
1750
1749
1748
1747
1746
1745
1744
1743
1742
1741
1740
1739
1738
1737
1736
1886
1886
1886
1886
1886
1886
1886
1886
1886
1886
1886
1885
1884
1883
1882
1881
1886
1886
1886
1886
1886
1886
1886
1886
1886
1886
1885
1886
1886
1886
1886
1886
1886
1886
1886
1886
1886
1886
1886
1886
1886
1886
1886
1886
1886
1886
1885
1000
1000
999
998
998
997
997
996
996
995
995
994
994
993
993
993
992
992
991
990
990
989
989
988
988
987
987
986
986
985
985
984
984
983
983
982
981
981
980
979
979
978
977
976
975
975
974
973
972
971
970
969
968
967
967
966
965
964
963
963
963
962
962
962
961
961
961
960
960
959
959
959
958
958
957
957
956
956
955
955
954
954
953
953
953
952
952
951
951
950
950
949
949
1790
1789
1788
1787
1786
1785
1784
1783
1782
1781
1780
1779
1778
1777
1776
1775
1774
1773
1772
1771
1770
1769
1768
1767
1766
1765
1764
1763
1762
1761
1760
1759
1758
1757
1756
1755
1754
1753
1752
1751
1750
1749
1748
1747
1746
1745
1744
1743
1742
1741
1740
1739
1738
1737
1736
1735
1734
1733
1732
1731
1730
1729
1728
1727
1726
1725
1724
1723
1722
1721
1720
1719
1718
1717
1716
1715
1714
1713
1712
1711
1710
1709
1708
1707
1706
1705
1704
1703
1702
1701
1700
1699
1698
1697
1696
1695
1694
1693
1692
1691
1690
1689
1688
1687
1686
1685
1684
1683
1682
1681
1680
1679
1678
1677
1676
1675
1674
1673
1672
1671
1670
1669
1668
1667
1666
1665
1664
1663
1662
1661
1660
1659
1658
1657
1656
1655
1654
1653
1652
1651
1650
1649
1648
1647
1646
1645
1644
1643
1642
1641
1640
1639
1638
1637
1636
1635
1634
1633
1632
1631
1630
1629
1628
1627
1626
1625
1624
1623
1622
1621
1620
1619
1618
1617
1616
1615
1614
1613
1612
1611
1610
1609
1608
1607
1606
1605
1604
1603
1602
1601
1600
1599
1598
1597
1596
1595
1594
1593
1592
1591
1590
1589
1588
1587
1586
1585
1584
1583
1582
1581
1580
1579
1578
1577
1576
1575
1574
1573
1572
1571
1570
1569
1568
1567
1566
1565
1564
1563
1562
1561
1560
1559
1558
1557
1556
1555
1554
1553
1552
1551
1550
1549
1548
1547
1546
1545
1544
1543
1542
1541
1540
1539
1538
1537
1536
1535
1534
1533
1532
1531
1530
1529
1528
1527
1526
1525
1524
1523
1522
1521
1520
1519
1518
1517
1516
1515
1514
1513
1512
1511
1510
1509
1508
1507
1506
1505
1504
1503
1502
1501
1500
1499
1498
1497
1496
1495
1494
1493
1492
1491
1490
1489
1488
1487
1486
1485
1484
1483
1482
1481
1480
1479
1478
1477
1476
1475
1474
1473
1472
1471
1470
1469
1468
1467
1466
1465
1464
1463
1462
1461
1460
1459
1458
1457
1456
1455
1454
1453
1452
1451
1450
1449
1448
1447
1446
1445
1444
1443
1442
1441
1440
1439
1438
1437
1436
1435
1434
1433
1432
1431
1430
1429
1428
1427
1426
1425
1424
1423
1422
1421
1420
1419
1418
1417
1416
1415
1414
1413
1412
1411
1410
1409
1408
1407
1406
1405
1404
1403
1402
1401
1400
1399
1398
1397
1396
1395
1394
1393
1392
1391
1390
1389
1388
1387
1386
1385
1384
1383
1382
1381
1380
1379
1378
1377
1376
1375
1374
1373
1372
1371
1370
1369
1368
1367
1366
1365
1364
1363
1362
1361
1360
1359
1358
1357
1356
1355
1354
1353
1352
1351
1350
1349
1348
1347
1346
1345
1344
1343
1342
1341
1340
1339
1338
1337
1336
1335
1334
1333
1332
1331
1330
1329
1328
1327
1326
1325
1324
1323
1322
1321
1320
1319
1318
1317
1316
1315
1314
1313
1312
1311
1310
1309
1308
1307
1306
1305
1304
1303
1302
1301
1300
1299
1298
1297
1296
1295
1294
1293
1292
1291
1290
1289
1288
1287
1286
1285
1284
1283
1282
1281
1280
1279
1278
1277
1276
1275
1274
1273
1272
1271
1270
1269
1268
1267
1266
1265
