524.630346053295
568.19010903042
587.307415243499
600.054997479398
614.623461966756
622.78407172952
624.89999199872
624.89999199872
624.89999199872
624.89999199872
624.89999199872
624.89999199872
624.89999199872
624.89999199872
624.89999199872
624.89999199872
624.89999199872
624.89999199872
624.89999199872
624.89999199872
624.89999199872
624.89999199872
624.89999199872
624.89999199872
624.89999199872
624.89999199872
624.89999199872
624.89999199872
624.89999199872
624.89999199872
624.89999199872
624.89999199872
624.89999199872
624.89999199872
640.326479227589
668.249953236063
691.026048713071
705.144666008331
720.537299520296
736.012228159288
752.934924146835
769.655767210251
782.694065392092
795.289255554229
805.518466579134
812.837007031545
816.853107969848
818.931010525307
819.268576231263
819.268576231263
819.268576231263
819.268576231263
819.268576231263
819.268576231263
819.268576231263
819.268576231263
819.268576231263
819.268576231263
819.268576231263
819.268576231263
819.268576231263
819.268576231263
819.268576231263
819.268576231263
819.268576231263
819.268576231263
819.268576231263
819.268576231263
819.268576231263
819.268576231263
819.268576231263
819.268576231263
819.268576231263
819.268576231263
819.268576231263
820.851387280304
825.228453217653
829.471518498375
834.210405113722
839.353322504891
844.607601197148
850.294654810907
855.395230288315
859.096036540735
861.731976893048
863.833896070304
865.885673746829
867.08534758696
867.527521177282
867.527521177282
867.527521177282
867.527521177282
867.527521177282
867.527521177282
867.527521177282
867.527521177282
867.527521177282
867.527521177282
867.527521177282
867.527521177282
867.527521177282
867.527521177282
867.527521177282
867.527521177282
867.527521177282
867.527521177282
867.527521177282
867.527521177282
867.527521177282
867.527521177282
867.527521177282
867.527521177282
867.527521177282
867.527521177282
867.527521177282
867.527521177282
869.978735372308
875.490148431152
884.157225837125
896.552285145713
910.472954018954
922.453250847977
931.052630091339
938.341089369958
943.830493256072
945.730934251386
945.730934251386
945.730934251386
945.730934251386
945.730934251386
945.730934251386
945.730934251386
945.730934251386
945.730934251386
945.730934251386
945.730934251386
945.730934251386
945.730934251386
945.730934251386
945.730934251386
945.730934251386
945.730934251386
945.730934251386
945.730934251386
945.730934251386
945.730934251386
945.730934251386
945.730934251386
945.730934251386
945.730934251386
945.730934251386
945.730934251386
945.730934251386
945.730934251386
945.730934251386
945.730934251386
945.730934251386
945.730934251386
945.730934251386
945.730934251386
945.730934251386
945.730934251386
945.730934251386
945.730934251386
945.730934251386
945.730934251386
945.730934251386
945.730934251386
945.730934251386
945.730934251386
945.730934251386
945.730934251386
945.730934251386
945.730934251386
945.730934251386
945.730934251386
945.730934251386
945.730934251386
945.730934251386
945.730934251386
945.730934251386
945.730934251386
945.730934251386
945.730934251386
945.730934251386
945.730934251386
945.730934251386
945.730934251386
945.730934251386
945.730934251386
945.730934251386
945.730934251386
945.730934251386
945.730934251386
945.730934251386
945.730934251386
945.730934251386
945.730934251386
945.730934251386
945.730934251386
945.730934251386
945.730934251386
945.730934251386
945.730934251386
945.730934251386
945.730934251386
945.730934251386
945.730934251386
945.730934251386
945.730934251386
945.730934251386
945.730934251386
945.730934251386
945.730934251386
945.730934251386
945.730934251386
945.730934251386
945.730934251386
945.730934251386
945.730934251386
945.730934251386
945.730934251386
945.730934251386
945.730934251386
945.730934251386
945.730934251386
945.730934251386
945.730934251386
945.730934251386
945.730934251386
945.730934251386
945.730934251386
945.730934251386
945.730934251386
945.730934251386
945.730934251386
945.730934251386
945.730934251386
945.730934251386
945.730934251386
945.730934251386
945.730934251386
945.730934251386
945.730934251386
945.730934251386
945.730934251386
945.730934251386
945.730934251386
945.730934251386
945.730934251386
945.730934251386
945.730934251386
945.730934251386
945.730934251386
945.730934251386
945.730934251386
945.730934251386
945.730934251386
945.730934251386
945.730934251386
945.730934251386
945.730934251386
945.730934251386
945.730934251386
945.730934251386
945.730934251386
945.730934251386
945.730934251386
945.730934251386
945.730934251386
945.730934251386
945.730934251386
945.730934251386
945.730934251386
945.730934251386
945.730934251386
945.730934251386
945.730934251386
945.730934251386
945.730934251386
945.730934251386
945.730934251386
945.730934251386
945.730934251386
945.730934251386
945.730934251386
945.730934251386
945.730934251386
945.730934251386
945.730934251386
945.730934251386
945.730934251386
945.730934251386
945.730934251386
945.730934251386
945.730934251386
945.730934251386
945.730934251386
945.730934251386
945.730934251386
945.730934251386
945.730934251386
945.730934251386
945.730934251386
945.730934251386
945.730934251386
945.730934251386
945.730934251386
945.730934251386
945.730934251386
945.730934251386
945.730934251386
945.730934251386
945.730934251386
945.730934251386
945.730934251386
945.730934251386
945.730934251386
945.730934251386
945.730934251386
945.730934251386
945.730934251386
945.730934251386
945.730934251386
945.730934251386
945.730934251386
945.730934251386
945.730934251386
945.730934251386
945.730934251386
945.730934251386
945.730934251386
945.730934251386
945.730934251386
945.730934251386
945.730934251386
945.730934251386
945.730934251386
945.730934251386
945.730934251386
945.730934251386
945.730934251386
945.730934251386
945.730934251386
945.730934251386
945.730934251386
945.730934251386
945.730934251386
945.730934251386
945.730934251386
945.730934251386
945.730934251386
945.730934251386
945.730934251386
945.730934251386
945.730934251386
945.730934251386
945.730934251386
945.730934251386
945.730934251386
945.730934251386
945.730934251386
945.730934251386
945.730934251386
945.730934251386
945.730934251386
945.730934251386
945.730934251386
945.730934251386
945.730934251386
945.730934251386
945.730934251386
945.730934251386
945.730934251386
945.730934251386
945.730934251386
945.730934251386
945.730934251386
945.730934251386
945.730934251386
945.730934251386
945.730934251386
945.730934251386
945.730934251386
945.730934251386
945.730934251386
945.730934251386
945.730934251386
945.730934251386
945.730934251386
945.730934251386
945.730934251386
945.730934251386
945.730934251386
945.730934251386
945.730934251386
945.730934251386
945.730934251386
945.730934251386
945.730934251386
945.730934251386
945.730934251386
945.730934251386
945.730934251386
945.730934251386
945.730934251386
945.730934251386
945.730934251386
945.730934251386
945.730934251386
945.730934251386
945.730934251386
945.730934251386
945.730934251386
945.730934251386
945.730934251386
945.730934251386
945.730934251386
945.730934251386
945.730934251386
945.730934251386
945.730934251386
945.730934251386
945.730934251386
945.730934251386
945.730934251386
945.730934251386
945.730934251386
945.730934251386
945.730934251386
945.730934251386
945.730934251386
945.730934251386
945.730934251386
945.730934251386
945.730934251386
945.730934251386
945.730934251386
945.730934251386
945.730934251386
945.730934251386
945.730934251386
945.730934251386
945.730934251386
945.730934251386
945.730934251386
945.730934251386
945.730934251386
945.730934251386
945.730934251386
945.730934251386
945.730934251386
945.730934251386
945.730934251386
945.730934251386
945.730934251386
945.730934251386
945.730934251386
945.730934251386
945.730934251386
945.730934251386
945.730934251386
951.108826580849
956.694308543748
963.588605163013
969.54937986675
972.200596584882
972.200596584882
972.200596584882
972.200596584882
972.200596584882
972.200596584882
972.200596584882
972.200596584882
972.200596584882
972.200596584882
972.200596584882
972.200596584882
972.200596584882
972.200596584882
972.200596584882
972.200596584882
972.200596584882
972.200596584882
972.200596584882
972.200596584882
972.200596584882
972.200596584882
972.200596584882
972.200596584882
972.200596584882
972.200596584882
972.200596584882
972.200596584882
972.200596584882
972.200596584882
972.200596584882
972.200596584882
972.200596584882
972.200596584882
972.200596584882
972.200596584882
972.200596584882
972.200596584882
972.200596584882
972.200596584882
972.200596584882
972.200596584882
972.200596584882
972.200596584882
972.200596584882
972.200596584882
972.200596584882
972.200596584882
972.200596584882
972.200596584882
972.200596584882
972.200596584882
972.200596584882
972.200596584882
972.200596584882
972.200596584882
972.200596584882
972.200596584882
972.200596584882
972.200596584882
972.200596584882
972.200596584882
972.200596584882
972.200596584882
972.200596584882
972.200596584882
972.200596584882
972.200596584882
972.200596584882
972.200596584882
972.200596584882
972.200596584882
972.200596584882
972.200596584882
972.200596584882
972.200596584882
972.200596584882
972.200596584882
972.200596584882
972.200596584882
972.200596584882
972.200596584882
972.200596584882
972.200596584882
972.200596584882
972.200596584882
972.200596584882
972.200596584882
972.200596584882
972.200596584882
972.200596584882
972.200596584882
972.200596584882
972.200596584882
972.200596584882
972.200596584882
972.200596584882
972.200596584882
972.200596584882
972.200596584882
972.200596584882
972.200596584882
972.200596584882
972.200596584882
972.200596584882
972.200596584882
972.200596584882
972.200596584882
972.200596584882
972.200596584882
972.200596584882
972.200596584882
972.200596584882
972.200596584882
972.200596584882
972.200596584882
972.200596584882
972.200596584882
972.200596584882
972.200596584882
972.200596584882
972.200596584882
972.200596584882
972.200596584882
972.200596584882
972.200596584882
972.200596584882
972.200596584882
972.200596584882
972.200596584882
972.200596584882
972.200596584882
972.200596584882
972.200596584882
972.200596584882
972.200596584882
972.200596584882
972.200596584882
972.200596584882
972.200596584882
972.200596584882
972.200596584882
972.200596584882
972.200596584882
972.200596584882
972.200596584882
972.200596584882
972.200596584882
972.200596584882
972.200596584882
972.200596584882
972.200596584882
972.200596584882
972.200596584882
972.200596584882
972.200596584882
972.200596584882
972.200596584882
972.200596584882
972.200596584882
972.200596584882
972.200596584882
972.200596584882
972.200596584882
972.200596584882
972.200596584882
972.200596584882
972.200596584882
972.200596584882
972.200596584882
972.200596584882
972.200596584882
972.200596584882
972.200596584882
972.200596584882
972.200596584882
972.200596584882
972.200596584882
972.200596584882
972.200596584882
972.200596584882
972.200596584882
972.200596584882
972.200596584882
972.200596584882
972.200596584882
972.200596584882
972.200596584882
972.200596584882
972.200596584882
972.200596584882
972.200596584882
972.200596584882
972.200596584882
972.200596584882
972.200596584882
972.200596584882
972.200596584882
972.200596584882
972.200596584882
972.200596584882
972.200596584882
972.200596584882
972.200596584882
972.200596584882
972.200596584882
972.200596584882
972.200596584882
972.200596584882
972.200596584882
972.200596584882
972.200596584882
972.200596584882
972.200596584882
972.200596584882
972.200596584882
972.200596584882
972.200596584882
972.200596584882
972.200596584882
972.200596584882
972.200596584882
972.200596584882
972.200596584882
972.200596584882
972.200596584882
972.200596584882
972.200596584882
972.200596584882
972.200596584882
972.200596584882
972.200596584882
972.200596584882
972.200596584882
972.200596584882
972.200596584882
972.200596584882
972.200596584882
972.200596584882
972.200596584882
972.200596584882
972.200596584882
972.200596584882
972.200596584882
972.200596584882
972.200596584882
972.200596584882
972.200596584882
972.200596584882
972.200596584882
972.200596584882
972.200596584882
972.200596584882
972.200596584882
972.200596584882
972.200596584882
972.200596584882
972.200596584882
972.200596584882
972.200596584882
972.200596584882
972.200596584882
972.200596584882
972.200596584882
972.200596584882
972.200596584882
972.200596584882
972.200596584882
972.200596584882
972.200596584882
972.200596584882
972.200596584882
972.200596584882
972.200596584882
972.200596584882
972.200596584882
972.200596584882
972.200596584882
972.200596584882
972.200596584882
972.200596584882
972.200596584882
972.200596584882
972.200596584882
972.200596584882
972.200596584882
972.200596584882
972.200596584882
972.200596584882
972.200596584882
972.200596584882
972.200596584882
972.200596584882
972.200596584882
972.200596584882
972.200596584882
972.200596584882
972.200596584882
972.200596584882
972.200596584882
972.200596584882
972.200596584882
972.200596584882
972.200596584882
972.200596584882
972.200596584882
972.200596584882
972.200596584882
972.200596584882
972.200596584882
972.200596584882
972.200596584882
972.200596584882
972.200596584882
972.200596584882
972.200596584882
972.200596584882
972.200596584882
972.200596584882
972.200596584882
972.200596584882
972.200596584882
972.200596584882
972.200596584882
972.200596584882
972.200596584882
972.200596584882
972.200596584882
972.200596584882
972.200596584882
972.200596584882
972.200596584882
972.200596584882
972.200596584882
972.200596584882
972.200596584882
972.200596584882
972.200596584882
972.200596584882
972.200596584882
972.200596584882
972.200596584882
972.200596584882
972.200596584882
972.200596584882
972.200596584882
972.200596584882
972.200596584882
972.200596584882
972.200596584882
972.200596584882
972.200596584882
972.200596584882
972.200596584882
972.200596584882
972.200596584882
972.200596584882
972.200596584882
972.200596584882
972.200596584882
972.200596584882
972.200596584882
972.200596584882
972.200596584882
972.200596584882
972.200596584882
972.200596584882
972.200596584882
972.200596584882
972.200596584882
972.200596584882
972.200596584882
972.200596584882
972.200596584882
972.200596584882
972.200596584882
972.200596584882
972.200596584882
972.200596584882
972.200596584882
972.200596584882
972.200596584882
972.200596584882
972.200596584882
972.200596584882
972.200596584882
972.200596584882
972.200596584882
972.200596584882
972.200596584882
972.200596584882
972.200596584882
972.200596584882
972.200596584882
972.200596584882
972.200596584882
972.200596584882
972.200596584882
972.200596584882
972.200596584882
972.200596584882
972.200596584882
972.200596584882
972.200596584882
972.200596584882
972.200596584882
972.200596584882
972.200596584882
972.200596584882
972.200596584882
972.200596584882
972.200596584882
972.200596584882
972.200596584882
972.200596584882
972.200596584882
972.200596584882
972.200596584882
972.200596584882
972.200596584882
972.200596584882
972.200596584882
972.200596584882
972.200596584882
972.200596584882
972.200596584882
972.200596584882
972.200596584882
972.200596584882
972.200596584882
972.200596584882
972.200596584882
972.200596584882
972.200596584882
972.200596584882
972.200596584882
972.200596584882
972.200596584882
972.200596584882
972.200596584882
972.200596584882
972.200596584882
972.200596584882
972.200596584882
972.200596584882
972.200596584882
972.200596584882
972.200596584882
970.540571022149
969.54937986675
969.54937986675
969.54937986675
969.54937986675
969.54937986675
969.54937986675
969.54937986675
969.54937986675
969.54937986675
969.54937986675
969.54937986675
969.54937986675
969.54937986675
969.54937986675
969.54937986675
969.54937986675
969.54937986675
969.54937986675
969.54937986675
969.54937986675
969.54937986675
969.54937986675
969.54937986675
969.54937986675
969.54937986675
969.54937986675
969.54937986675
969.54937986675
969.54937986675
969.54937986675
969.54937986675
969.54937986675
969.54937986675
969.54937986675
969.54937986675
969.54937986675
969.54937986675
965.766017211208
956.792035920032
948.228348025938
941.456318689295
927.798469496474
921.568771172287
921.269775907144
921.107485584609
921.079801103032
921.079801103032
921.079801103032
921.079801103032
921.079801103032
921.079801103032
921.079801103032
921.079801103032
921.079801103032
921.079801103032
921.079801103032
921.079801103032
921.079801103032
921.074915519905
921.072744141308
921.064058575732
921.061887171541
921.061344319693
921.053201503583
920.931593550791
919.786931848893
910.738162151998
901.467692155409
896.832202811652
896.832202811652
896.832202811652
896.832202811652
896.832202811652
896.832202811652
896.832202811652
896.832202811652
896.832202811652
896.832202811652
895.184897102269
887.374216438589
876.213444315938
869.125422479403
867.010957254867
867.010957254867
867.010957254867
867.010957254867
867.010957254867
867.010957254867
867.010957254867
867.010957254867
867.010957254867
867.010957254867
867.010957254867
867.010957254867
867.010957254867
867.010957254867
867.010957254867
867.010957254867
867.010957254867
867.010957254867
867.009227171199
866.940020993379
866.487737939782
865.101150155287
862.197193222061
862.197193222061
862.197193222061
862.197193222061
862.197193222061
862.197193222061
862.197193222061
862.197193222061
862.197193222061
862.197193222061
862.197193222061
862.197193222061
862.197193222061
862.197193222061
862.197193222061
862.197193222061
862.197193222061
862.197193222061
862.197193222061
862.197193222061
862.197193222061
862.197193222061
862.197193222061
862.197193222061
862.197193222061
862.197193222061
862.197193222061
862.197193222061
862.197193222061
862.197193222061
862.197193222061
862.197193222061
862.197193222061
862.197193222061
862.197193222061
862.197193222061
862.197193222061
862.197193222061
862.197193222061
862.197193222061
862.197193222061
862.197193222061
862.197193222061
862.197193222061
862.197193222061
862.197193222061
862.197193222061
862.197193222061
862.197193222061
862.197193222061
862.197193222061
862.197193222061
862.197193222061
862.197193222061
862.197193222061
862.197193222061
862.197193222061
862.197193222061
862.197193222061
862.197193222061
862.197193222061
862.197193222061
862.197193222061
862.197193222061
862.197193222061
862.197193222061
862.197193222061
862.197193222061
862.197193222061
862.197193222061
862.197193222061
862.197193222061
862.197193222061
862.197193222061
862.197193222061
862.197193222061
862.197193222061
862.197193222061
862.197193222061
862.197193222061
862.197193222061
862.197193222061
862.197193222061
862.197193222061
862.197193222061
862.197193222061
862.197193222061
862.197193222061
862.197193222061
862.197193222061
862.197193222061
862.197193222061
862.197193222061
862.197193222061
862.197193222061
862.197193222061
862.197193222061
862.197193222061
862.197193222061
862.197193222061
862.197193222061
862.197193222061
862.197193222061
862.197193222061
862.197193222061
862.197193222061
862.197193222061
862.197193222061
862.197193222061
862.197193222061
862.197193222061
862.197193222061
862.197193222061
862.197193222061
862.197193222061
862.197193222061
862.197193222061
862.197193222061
862.197193222061
862.197193222061
862.197193222061
862.197193222061
862.197193222061
862.197193222061
862.197193222061
862.197193222061
862.197193222061
862.197193222061
862.197193222061
862.197193222061
862.197193222061
862.197193222061
862.197193222061
862.197193222061
862.197193222061
862.197193222061
862.197193222061
862.197193222061
862.197193222061
862.197193222061
862.197193222061
862.197193222061
862.197193222061
862.197193222061
862.197193222061
862.197193222061
862.197193222061
862.197193222061
862.197193222061
862.197193222061
862.197193222061
862.197193222061
862.197193222061
862.197193222061
862.197193222061
862.197193222061
862.197193222061
862.197193222061
862.197193222061
862.197193222061
862.197193222061
862.197193222061
862.197193222061
862.197193222061
862.197193222061
862.197193222061
862.197193222061
862.197193222061
862.197193222061
862.197193222061
862.197193222061
862.197193222061
862.197193222061
862.197193222061
862.197193222061
862.197193222061
862.197193222061
862.197193222061
862.197193222061
862.197193222061
862.197193222061
862.197193222061
862.197193222061
862.197193222061
862.197193222061
862.197193222061
862.197193222061
862.197193222061
862.197193222061
862.197193222061
862.197193222061
862.197193222061
862.197193222061
862.197193222061
862.197193222061
862.197193222061
862.197193222061
862.197193222061
862.197193222061
862.197193222061
862.197193222061
862.197193222061
862.197193222061
862.197193222061
862.197193222061
862.197193222061
862.197193222061
862.197193222061
862.197193222061
862.197193222061
862.197193222061
862.197193222061
862.197193222061
862.197193222061
862.197193222061
862.197193222061
862.197193222061
862.197193222061
862.197193222061
862.197193222061
862.197193222061
862.197193222061
862.068442758462
860.401069269442
858.213260209839
855.596283301885
853.027549379268
853.027549379268
850.655041717852
848.621234709573
847.028925125937
845.832725779749
844.981064876604
844.725399168274
844.485642269897
844.270098961227
843.894543174679
843.894543174679
843.894543174679
843.894543174679
843.894543174679
843.894543174679
843.894543174679
843.894543174679
843.894543174679
843.894543174679
843.894543174679
843.894543174679
843.894543174679
843.894543174679
843.894543174679
838.802718164408
833.55563701531
832.042667175188
832.042667175188
823.743285253361
815.222668968424
808.46026494813
808.46026494813
805.329746128876
803.354218262405
803.354218262405
803.354218262405
803.354218262405
803.354218262405
803.354218262405
802.608871119676
797.612687963275
789.748694205948
787.20010162601
787.20010162601
787.20010162601
787.20010162601
787.20010162601
787.20010162601
787.20010162601
787.20010162601
787.20010162601
787.20010162601
787.20010162601
787.20010162601
787.20010162601
787.20010162601
787.20010162601
787.20010162601
787.20010162601
787.20010162601
787.199466463234
787.196925807005
787.120067079985
786.586295329381
784.996178334646
781.410903430455
776.017396712213
767.924475453153
758.996706185211
748.043447936014
745.709729050118
736.864302297241
727.247550700585
727.247550700585
718.995132111477
718.995132111477
718.995132111477
718.995132111477
718.995132111477
718.995132111477
718.995132111477
718.995132111477
718.995132111477
718.995132111477
718.995132111477
718.995132111477
718.995132111477
718.995132111477
718.995132111477
718.995132111477
718.995132111477
718.995132111477
718.995132111477
718.995132111477
718.995132111477
718.995132111477
718.995132111477
718.995132111477
718.995132111477
718.995132111477
718.995132111477
718.995132111477
718.995132111477
718.995132111477
718.995132111477
718.995132111477
718.995132111477
718.995132111477
718.995132111477
718.995132111477
718.995132111477
718.995132111477
718.995132111477
718.995132111477
718.995132111477
718.995132111477
718.995132111477
718.995132111477
718.995132111477
718.995132111477
718.995132111477
718.995132111477
718.995132111477
718.995132111477
718.995132111477
718.995132111477
718.995132111477
718.995132111477
718.995132111477
718.995132111477
718.995132111477
718.995132111477
718.995132111477
718.995132111477
718.995132111477
718.995132111477
718.995132111477
718.995132111477
718.995132111477
718.995132111477
718.995132111477
718.995132111477
718.995132111477
718.995132111477
718.995132111477
718.995132111477
718.995132111477
718.995132111477
718.995132111477
718.995132111477
718.995132111477
718.995132111477
718.995132111477
718.995132111477
718.995132111477
718.995132111477
718.995132111477
718.995132111477
718.995132111477
718.995132111477
718.995132111477
718.995132111477
718.995132111477
718.995132111477
718.995132111477
718.995132111477
718.995132111477
718.995132111477
718.995132111477
718.995132111477
718.995132111477
718.995132111477
718.995132111477
718.995132111477
718.995132111477
718.995132111477
718.995132111477
718.995132111477
718.995132111477
718.995132111477
718.995132111477
718.995132111477
718.995132111477
718.995132111477
718.995132111477
718.995132111477
718.995132111477
718.995132111477
718.995132111477
718.995132111477
718.995132111477
718.995132111477
718.995132111477
718.995132111477
718.995132111477
718.995132111477
718.995132111477
718.995132111477
718.995132111477
718.995132111477
718.995132111477
718.995132111477
718.995132111477
718.995132111477
718.995132111477
718.995132111477
718.995132111477
718.995132111477
718.995132111477
718.995132111477
718.995132111477
718.995132111477
718.995132111477
718.995132111477
718.995132111477
718.995132111477
718.995132111477
718.995132111477
718.995132111477
718.995132111477
718.995132111477
718.995132111477
718.995132111477
718.995132111477
718.995132111477
718.995132111477
718.995132111477
718.995132111477
718.995132111477
718.995132111477
718.995132111477
718.995132111477
718.995132111477
718.995132111477
718.995132111477
718.995132111477
718.995132111477
718.995132111477
718.995132111477
718.995132111477
718.995132111477
718.995132111477
718.995132111477
718.995132111477
718.995132111477
718.995132111477
718.995132111477
718.995132111477
718.995132111477
718.995132111477
718.995132111477
718.995132111477
718.995132111477
718.995132111477
718.995132111477
718.995132111477
718.995132111477
718.995132111477
718.995132111477
718.995132111477
718.995132111477
718.995132111477
718.995132111477
718.995132111477
718.995132111477
718.995132111477
718.995132111477
718.995132111477
718.995132111477
718.995132111477
718.995132111477
718.995132111477
718.995132111477
718.995132111477
718.995132111477
718.995132111477
718.995132111477
718.995132111477
718.995132111477
718.995132111477
718.995132111477
718.995132111477
718.995132111477
718.995132111477
718.995132111477
718.995132111477
718.995132111477
718.995132111477
718.995132111477
718.995132111477
718.995132111477
718.995132111477
718.995132111477
718.995132111477
718.995132111477
718.995132111477
718.995132111477
718.995132111477
718.995132111477
718.995132111477
718.995132111477
718.995132111477
718.995132111477
718.995132111477
718.995132111477
718.995132111477
718.995132111477
718.995132111477
718.995132111477
718.995132111477
718.995132111477
718.995132111477
718.995132111477
718.995132111477
718.995132111477
718.995132111477
718.995132111477
718.995132111477
718.995132111477
718.995132111477
718.995132111477
718.995132111477
718.995132111477
718.995132111477
718.995132111477
718.995132111477
718.995132111477
718.995132111477
718.995132111477
718.995132111477
718.995132111477
718.995132111477
718.995132111477
718.995132111477
718.995132111477
718.995132111477
718.995132111477
718.995132111477
718.995132111477
718.995132111477
718.995132111477
718.995132111477
718.995132111477
718.995132111477
718.995132111477
718.995132111477
718.995132111477
718.995132111477
718.995132111477
718.995132111477
718.995132111477
718.995132111477
718.995132111477
718.995132111477
718.995132111477
718.995132111477
718.995132111477
718.995132111477
718.995132111477
718.995132111477
718.995132111477
718.995132111477
718.995132111477
718.995132111477
718.995132111477
718.995132111477
718.995132111477
718.995132111477
718.995132111477
718.995132111477
718.995132111477
718.995132111477
718.995132111477
718.995132111477
718.995132111477
718.995132111477
718.995132111477
718.995132111477
718.995132111477
718.995132111477
718.995132111477
718.995132111477
718.995132111477
718.995132111477
718.995132111477
718.995132111477
718.995132111477
718.995132111477
718.995132111477
718.995132111477
718.995132111477
718.995132111477
718.995132111477
718.995132111477
718.995132111477
718.995132111477
718.995132111477
718.995132111477
718.995132111477
718.995132111477
718.995132111477
718.995132111477
718.995132111477
718.995132111477
718.995132111477
718.995132111477
718.995132111477
718.995132111477
718.995132111477
718.995132111477
718.995132111477
718.995132111477
718.995132111477
718.995132111477
718.995132111477
718.995132111477
718.995132111477
718.995132111477
718.995132111477
718.995132111477
718.995132111477
718.995132111477
718.995132111477
718.995132111477
718.995132111477
718.995132111477
718.995132111477
718.995132111477
718.995132111477
718.995132111477
718.995132111477
718.995132111477
718.995132111477
718.995132111477
718.995132111477
718.995132111477
718.995132111477
718.995132111477
718.995132111477
718.995132111477
718.995132111477
718.995132111477
718.995132111477
718.995132111477
718.995132111477
718.995132111477
718.995132111477
718.995132111477
718.995132111477
718.995132111477
718.995132111477
718.995132111477
718.995132111477
718.995132111477
718.995132111477
718.995132111477
718.995132111477
718.995132111477
718.995132111477
718.995132111477
718.995132111477
718.995132111477
718.995132111477
718.995132111477
718.995132111477
718.995132111477
718.995132111477
718.995132111477
718.995132111477
718.995132111477
718.995132111477
718.995132111477
718.995132111477
718.995132111477
718.995132111477
718.995132111477
718.995132111477
718.995132111477
718.995132111477
718.995132111477
718.995132111477
718.995132111477
718.995132111477
718.995132111477
718.995132111477
718.995132111477
718.995132111477
718.995132111477
718.995132111477
718.995132111477
718.995132111477
718.995132111477
718.995132111477
718.995132111477
718.995132111477
718.995132111477
718.995132111477
718.995132111477
718.995132111477
718.995132111477
718.995132111477
718.995132111477
718.995132111477
718.995132111477
718.995132111477
718.995132111477
718.995132111477
718.995132111477
718.995132111477
718.995132111477
718.995132111477
718.995132111477
718.995132111477
718.995132111477
718.995132111477
718.995132111477
718.995132111477
718.995132111477
718.995132111477
718.995132111477
718.995132111477
718.995132111477
718.995132111477
718.995132111477
718.995132111477
718.995132111477
718.995132111477
718.995132111477
718.995132111477
718.995132111477
718.995132111477
718.995132111477
718.995132111477
718.995132111477
718.995132111477
718.995132111477
718.995132111477
718.995132111477
718.995132111477
718.995132111477
718.995132111477
718.995132111477
718.995132111477
718.995132111477
718.995132111477
718.995132111477
718.995132111477
718.995132111477
718.995132111477
718.995132111477
718.995132111477
718.995132111477
718.995132111477
718.995132111477
718.995132111477
718.995132111477
718.995132111477
718.995132111477
718.995132111477
718.995132111477
718.995132111477
718.995132111477
718.995132111477
718.995132111477
745.067111071211
768.190731524405
788.338125425886
806.437226323289
821.488892195141
831.15522016047
835.111369818421
835.218534277108
835.218534277108
835.218534277108
835.218534277108
835.218534277108
835.218534277108
835.218534277108
835.218534277108
835.218534277108
835.218534277108
835.218534277108
835.218534277108
835.218534277108
835.218534277108
835.218534277108
835.218534277108
835.218534277108
835.218534277108
835.218534277108
835.218534277108
835.218534277108
835.218534277108
835.218534277108
835.218534277108
835.218534277108
883.125698867381
980.078058115781
1130.7736289815
1318.97915070709
1538.49569385163
1775.00112676021
2038.57376614142
2331.10360130132
2619.97251893985
2893.33734638739
3146.48136813171
3384.5122248265
3610.64509471646
3824.22162014703
4018.3800218496
4185.64582830416
4333.21485735476
4463.0752850473
4576.30997638927
4666.34064337356
4740.11930229609
4804.86867666537
4859.04908392578
4902.79083787999
4939.97661937787
4972.09151162768
5000.20179592784
5024.76984547551
5044.60503904914
5060.90663814301
5074.62156224481
5086.53506819721
5097.28859296783
5106.64106825612
5114.36017503656
5120.41326457152
5124.71150407513
5127.20820720204
5128.88057961969
5130.14726884132
5130.8995312713
5131.22646157817
5131.3893830034
5131.41189147782
5131.422804642
5131.60208901665
5132.32111232335
5133.6989588405
5135.91763952655
5138.66373680941
5141.64185839504
5144.68745406366
5147.73095645062
5150.73790830013
5153.64201317864
5156.85456455774
5159.8911810231
5161.95486225906
5163.31811919428
5164.25822359804
5164.83717071507
5164.87463545825
5164.87463545825
5164.87463545825
5164.87463545825
5164.87463545825
5164.87463545825
5164.87463545825
5164.87463545825
5164.87463545825
5164.87463545825
5164.87463545825
5164.87463545825
5164.87463545825
5164.87463545825
5164.87463545825
5164.87463545825
5164.87463545825
5164.87463545825
5164.87463545825
5164.87463545825
5164.87463545825
5164.87463545825
5164.87463545825
5164.87463545825
5164.87463545825
5164.87463545825
5164.87463545825
5164.87463545825
5164.87463545825
5164.87463545825
5164.87463545825
5168.33967536964
5172.74540258846
5177.00444272554
5180.76355376309
5183.21299967501
5183.4540607591
5183.4540607591
5183.4540607591
5183.4540607591
5183.4540607591
5183.4540607591
5183.4540607591
5183.4540607591
5183.4540607591
5183.4540607591
5183.4540607591
5183.4540607591
5183.4540607591
5183.4540607591
5183.4540607591
5183.4540607591
5183.4540607591
5183.4540607591
5183.4540607591
5183.4540607591
5183.4540607591
5183.4540607591
5183.4540607591
5183.4540607591
5183.4540607591
5183.4540607591
5183.4540607591
5183.4540607591
5183.4540607591
5183.4540607591
5183.4540607591
5183.4540607591
5183.4540607591
5183.4540607591
5183.4540607591
5183.4540607591
5183.4540607591
5183.4540607591
5183.4540607591
5183.4540607591
5183.4540607591
5183.4540607591
5183.4540607591
5183.4540607591
5183.4540607591
5183.4540607591
5183.4540607591
5183.4540607591
5183.4540607591
5183.4540607591
5183.4540607591
5183.4540607591
5183.4540607591
5183.4540607591
5183.4540607591
5183.4540607591
5183.4540607591
5183.4540607591
5183.4540607591
5183.4540607591
5183.4540607591
5183.4540607591
5183.4540607591
5183.4540607591
5183.4540607591
5183.4540607591
5183.4540607591
5183.4540607591
5183.4540607591
5183.4540607591
5183.4540607591
5183.4540607591
5183.4540607591
5183.4540607591
5183.4540607591
5183.4540607591
5183.4540607591
5183.4540607591
5183.4540607591
5183.4540607591
5183.4540607591
5183.4540607591
5183.4540607591
5183.4540607591
5183.4540607591
5183.4540607591
5183.4540607591
5183.4540607591
5183.4540607591
5183.4540607591
5183.4540607591
5183.4540607591
5183.4540607591
5183.4540607591
5183.4540607591
5183.4540607591
5183.4540607591
5183.4540607591
5183.4540607591
5183.4540607591
5183.4540607591
5183.4540607591
5183.4540607591
5183.4540607591
5183.4540607591
5183.4540607591
5183.4540607591
5183.4540607591
5183.4540607591
5183.4540607591
5183.4540607591
5183.4540607591
5183.4540607591
5183.4540607591
5183.4540607591
5183.4540607591
5183.4540607591
5183.4540607591
5183.4540607591
5183.4540607591
5183.4540607591
5183.4540607591
5183.4540607591
5183.4540607591
5183.4540607591
5183.4540607591
5183.4540607591
5183.4540607591
5183.4540607591
5183.4540607591
5183.4540607591
5183.4540607591
5183.4540607591
5183.4540607591
5183.4540607591
5183.4540607591
5183.4540607591
5183.4540607591
5183.4540607591
5183.4540607591
5183.4540607591
5183.4540607591
5183.4540607591
5183.4540607591
5183.4540607591
5183.4540607591
5183.4540607591
5183.4540607591
5183.4540607591
5183.4540607591
5183.4540607591
5183.4540607591
5183.4540607591
5183.4540607591
5183.4540607591
5183.4540607591
5183.4540607591
5183.4540607591
5183.4540607591
5183.4540607591
5183.4540607591
5183.4540607591
5183.4540607591
5183.4540607591
5183.4540607591
5183.4540607591
5183.4540607591
5183.4540607591
5183.4540607591
5183.4540607591
5183.4540607591
5183.4540607591
5183.4540607591
5183.4540607591
5183.4540607591
5183.4540607591
5183.4540607591
5183.4540607591
5183.4540607591
5183.4540607591
5183.4540607591
5183.4540607591
5183.4540607591
5183.4540607591
5183.4540607591
5183.4540607591
5183.4540607591
5183.4540607591
5183.4540607591
5183.4540607591
5183.4540607591
5183.4540607591
5183.4540607591
5183.4540607591
5183.4540607591
5183.4540607591
5183.4540607591
5183.4540607591
5183.4540607591
5183.4540607591
5183.4540607591
5183.4540607591
5183.4540607591
5183.4540607591
5183.4540607591
5183.4540607591
5183.4540607591
5183.4540607591
5183.4540607591
5183.4540607591
5183.4540607591
5183.4540607591
5183.4540607591
5183.4540607591
5183.4540607591
5183.4540607591
5183.4540607591
5183.4540607591
5183.4540607591
5183.4540607591
5183.4540607591
5183.4540607591
5183.4540607591
5183.4540607591
5183.4540607591
5183.4540607591
5183.4540607591
5183.4540607591
5183.4540607591
5183.4540607591
5183.4540607591
5183.4540607591
5183.4540607591
5183.4540607591
5183.4540607591
5183.4540607591
5183.4540607591
5183.4540607591
5183.4540607591
5183.4540607591
5183.4540607591
5183.4540607591
5183.4540607591
5183.4540607591
5183.4540607591
5183.4540607591
5183.4540607591
5183.4540607591
5183.4540607591
5183.4540607591
5183.4540607591
5183.4540607591
5183.4540607591
5183.4540607591
5183.4540607591
5183.4540607591
5183.4540607591
5183.4540607591
5183.4540607591
5183.4540607591
5183.4540607591
5183.4540607591
5183.4540607591
5183.4540607591
5183.4540607591
5183.4540607591
5183.4540607591
5183.4540607591
5183.4540607591
5183.4540607591
5183.4540607591
5183.4540607591
5183.4540607591
5183.4540607591
5183.4540607591
5183.4540607591
5183.4540607591
5183.4540607591
5183.4540607591
5183.4540607591
5183.4540607591
5183.4540607591
5183.4540607591
5183.4540607591
5183.4540607591
5183.4540607591
5183.4540607591
5183.4540607591
5183.4540607591
5183.4540607591
5183.4540607591
5183.4540607591
5183.4540607591
5183.4540607591
5183.4540607591
5183.4540607591
5183.4540607591
5183.4540607591
5183.4540607591
5183.4540607591
5183.4540607591
5183.4540607591
5183.4540607591
5183.4540607591
5183.4540607591
5183.4540607591
5183.4540607591
5183.4540607591
5183.4540607591
5183.4540607591
5183.4540607591
5183.4540607591
5183.4540607591
5183.4540607591
5183.4540607591
5183.4540607591
5183.4540607591
5183.4540607591
5183.4540607591
5183.4540607591
5183.4540607591
5183.4540607591
5183.4540607591
5183.4540607591
5183.4540607591
5183.4540607591
5183.4540607591
5183.4540607591
5183.4540607591
5183.4540607591
5183.4540607591
5183.4540607591
5183.4540607591
5183.4540607591
5183.4540607591
5183.4540607591
5183.4540607591
5183.4540607591
5183.4540607591
5183.4540607591
5183.4540607591
5183.4540607591
5183.4540607591
5183.4540607591
5183.4540607591
5183.4540607591
5183.4540607591
5183.4540607591
5183.4540607591
5183.4540607591
5183.4540607591
5183.4540607591
5183.4540607591
5183.4540607591
5183.4540607591
5183.4540607591
5183.4540607591
5183.4540607591
5183.4540607591
5183.4540607591
5183.4540607591
5183.4540607591
5183.4540607591
5183.4540607591
5183.4540607591
5183.4540607591
5183.4540607591
5183.4540607591
5183.4540607591
5183.4540607591
5183.4540607591
5183.4540607591
5183.4540607591
5183.4540607591
5183.4540607591
5183.4540607591
5183.4540607591
5183.4540607591
5183.4540607591
5183.4540607591
5183.4540607591
5183.4540607591
5183.4540607591
5183.4540607591
5183.4540607591
5183.4540607591
5183.4540607591
5183.4540607591
5183.4540607591
5183.4540607591
5183.4540607591
5183.4540607591
5183.4540607591
5183.4540607591
5183.4540607591
5183.4540607591
5183.4540607591
5183.4540607591
5183.4540607591
5183.4540607591
5183.4540607591
5183.4540607591
5183.4540607591
5183.4540607591
5183.4540607591
5183.4540607591
5183.4540607591
5183.4540607591
5183.4540607591
5183.4540607591
5183.4540607591
5183.4540607591
5183.4540607591
5183.4540607591
5183.4540607591
5183.4540607591
5183.4540607591
5183.4540607591
5183.4540607591
5183.4540607591
5183.4540607591
5183.4540607591
5183.4540607591
5183.4540607591
5183.4540607591
5183.4540607591
5183.4540607591
5183.4540607591
5183.4540607591
5183.4540607591
5183.4540607591
5183.4540607591
5183.4540607591
5183.4540607591
5183.4540607591
5183.4540607591
5183.4540607591
5183.4540607591
5183.4540607591
5183.4540607591
5183.4540607591
5183.4540607591
5183.4540607591
5183.4540607591
5183.4540607591
5183.4540607591
5183.4540607591
5183.4540607591
5183.4540607591
5183.4540607591
5183.4540607591
5183.4540607591
5183.4540607591
5183.4540607591
5183.4540607591
5183.4540607591
5183.4540607591
5183.4540607591
5183.4540607591
5183.4540607591
5183.4540607591
5183.4540607591
5183.4540607591
5183.4540607591
5183.4540607591
5183.4540607591
5183.4540607591
5183.4540607591
5183.4540607591
5183.4540607591
5183.4540607591
5183.4540607591
5183.4540607591
5183.4540607591
5183.4540607591
5183.4540607591
5183.4540607591
5183.4540607591
5183.4540607591
5183.4540607591
5183.4540607591
5183.4540607591
5183.4540607591
5183.4540607591
5183.4540607591
5183.4540607591
5183.4540607591
5183.4540607591
5183.4540607591
5183.4540607591
5183.4540607591
5183.4540607591
5183.4540607591
5183.4540607591
5183.4540607591
5183.4540607591
5183.4540607591
5183.4540607591
5183.4540607591
5183.4540607591
5183.4540607591
5183.4540607591
5183.4540607591
5183.4540607591
5183.4540607591
5183.4540607591
5183.4540607591
5183.4540607591
5183.4540607591
5183.4540607591
5183.4540607591
5183.4540607591
5183.4540607591
5183.4540607591
5183.4540607591
5183.4540607591
5183.4540607591
5183.4540607591
5183.4540607591
5183.4540607591
5183.4540607591
5183.4540607591
5183.4540607591
5183.4540607591
5183.4540607591
5183.4540607591
5183.4540607591
5183.4540607591
5183.4540607591
5183.4540607591
5183.4540607591
5183.4540607591
5183.4540607591
5183.4540607591
5183.4540607591
5183.4540607591
5183.4540607591
5183.4540607591
5183.4540607591
5183.4540607591
5183.4540607591
5183.4540607591
5183.4540607591
5183.4540607591
5183.4540607591
5183.4540607591
5183.4540607591
5183.4540607591
5183.4540607591
5183.4540607591
5183.4540607591
5183.4540607591
5183.4540607591
5183.4540607591
5183.4540607591
5183.4540607591
5183.4540607591
5183.4540607591
5183.4540607591
5183.4540607591
5183.4540607591
5183.4540607591
5183.4540607591
5183.4540607591
5183.4540607591
5183.4540607591
5183.4540607591
5183.4540607591
5183.4540607591
5183.4540607591
5183.4540607591
5183.4540607591
5183.4540607591
5183.4540607591
5183.4540607591
5183.4540607591
5183.4540607591
5183.4540607591
5183.4540607591
5183.4540607591
5183.4540607591
5183.4540607591
5183.4540607591
5183.4540607591
5183.4540607591
5183.4540607591
5183.4540607591
5183.4540607591
5183.4540607591
5183.4540607591
5183.4540607591
5183.4540607591
5183.4540607591
5183.4540607591
5183.4540607591
5183.4540607591
5183.4540607591
5183.4540607591
5183.4540607591
5183.4540607591
5183.4540607591
5183.4540607591
5183.4540607591
5183.4540607591
5183.4540607591
5183.4540607591
5183.4540607591
5183.4540607591
5183.4540607591
5183.4540607591
5183.4540607591
5183.4540607591
5183.4540607591
5183.4540607591
5183.4540607591
5183.4540607591
5183.4540607591
5183.4540607591
5183.4540607591
5183.4540607591
5183.4540607591
5183.4540607591
5183.4540607591
5183.4540607591
5183.4540607591
5183.4540607591
5183.4540607591
5183.4540607591
5183.4540607591
5183.4540607591
5183.4540607591
5183.4540607591
5183.4540607591
5183.4540607591
5183.4540607591
5183.4540607591
5183.4540607591
5183.4540607591
5183.4540607591
5183.4540607591
5183.4540607591
5183.4540607591
5183.4540607591
5183.4540607591
5183.4540607591
5183.4540607591
5183.4540607591
5183.4540607591
5183.4540607591
5183.4540607591
5183.4540607591
5183.4540607591
5183.4540607591
5183.4540607591
5183.4540607591
5183.4540607591
5183.4540607591
5183.4540607591
5183.4540607591
5183.4540607591
5183.4540607591
5183.4540607591
5183.4540607591
5183.4540607591
5183.4540607591
5183.4540607591
5183.4540607591
5183.4540607591
5183.4540607591
5183.4540607591
5183.4540607591
5183.4540607591
5183.4540607591
5183.4540607591
5183.4540607591
5183.4540607591
5183.4540607591
5183.4540607591
5183.4540607591
5183.4540607591
5183.4540607591
5183.4540607591
5183.4540607591
5183.4540607591
5183.4540607591
5183.4540607591
5183.4540607591
5183.4540607591
5183.4540607591
5183.4540607591
5183.4540607591
5183.4540607591
5183.4540607591
5183.4540607591
5183.4540607591
5183.4540607591
5183.4540607591
5183.4540607591
5183.4540607591
5183.4540607591
5183.4540607591
5183.4540607591
5183.4540607591
5183.4540607591
5183.4540607591
5183.4540607591
5183.4540607591
5183.4540607591
5183.4540607591
5183.4540607591
5183.4540607591
5183.4540607591
5183.4540607591
5183.4540607591
5183.4540607591
5183.4540607591
5183.4540607591
5183.4540607591
5183.4540607591
5183.4540607591
5183.4540607591
5183.4540607591
5183.4540607591
5183.4540607591
5183.4540607591
5183.4540607591
5183.4540607591
5183.4540607591
5183.4540607591
5183.4540607591
5183.4540607591
5183.4540607591
5183.4540607591
5183.4540607591
5183.4540607591
5183.4540607591
5183.4540607591
5183.4540607591
5183.4540607591
5183.4540607591
5183.4540607591
5183.4540607591
5183.4540607591
5183.4540607591
5183.4540607591
5183.4540607591
5183.4540607591
5183.4540607591
5183.4540607591
5183.4540607591
5183.4540607591
5183.4540607591
5183.4540607591
5183.4540607591
5183.4540607591
5183.4540607591
5183.4540607591
5183.4540607591
5183.4540607591
5183.4540607591
5183.4540607591
5183.4540607591
5183.4540607591
5183.4540607591
5183.4540607591
5183.4540607591
5183.4540607591
5183.4540607591
5183.4540607591
5183.4540607591
5183.4540607591
5183.4540607591
5183.4540607591
5183.4540607591
5183.4540607591
5183.4540607591
5183.4540607591
5183.4540607591
5183.4540607591
5183.4540607591
5183.4540607591
5183.4540607591
5183.4540607591
5183.4540607591
5183.4540607591
5183.4540607591
5183.4540607591
5183.4540607591
5183.4540607591
5183.4540607591
5183.4540607591
5183.4540607591
5183.4540607591
5183.4540607591
5183.4540607591
5183.4540607591
5183.4540607591
5183.4540607591
5183.4540607591
5183.4540607591
5183.4540607591
5183.4540607591
5183.4540607591
5183.4540607591
5183.4540607591
5183.4540607591
5183.4540607591
5183.4540607591
5183.4540607591
5183.4540607591
5183.4540607591
5183.4540607591
5183.4540607591
5183.4540607591
5183.4540607591
5183.4540607591
5183.4540607591
5183.4540607591
5183.4540607591
5183.4540607591
5183.4540607591
5183.4540607591
5183.4540607591
5183.4540607591
5183.4540607591
5183.4540607591
5183.4540607591
5183.4540607591
5183.4540607591
5183.4540607591
5183.4540607591
5183.4540607591
5183.4540607591
5183.4540607591
5183.4540607591
5183.4540607591
5183.4540607591
5183.4540607591
5183.4540607591
5183.4540607591
5183.4540607591
5183.4540607591
5183.4540607591
5183.4540607591
5183.4540607591
5183.4540607591
5183.4540607591
5183.4540607591
5183.4540607591
5183.4540607591
5183.4540607591
5183.4540607591
5183.4540607591
5183.4540607591
5183.4540607591
5183.4540607591
5183.4540607591
5183.4540607591
5183.4540607591
5183.4540607591
5183.4540607591
5183.4540607591
5183.4540607591
5183.4540607591
5183.4540607591
5183.4540607591
5183.4540607591
5183.4540607591
5183.4540607591
5183.4540607591
5183.4540607591
5183.4540607591
5183.4540607591
5183.4540607591
5183.4540607591
5183.4540607591
5183.4540607591
5183.4540607591
5183.4540607591
5183.4540607591
5183.4540607591
5183.4540607591
5183.4540607591
5183.4540607591
5183.4540607591
5183.4540607591
5183.4540607591
5183.4540607591
5183.4540607591
5183.4540607591
5183.4540607591
5183.4540607591
5183.4540607591
5183.4540607591
5183.4540607591
5183.4540607591
5183.4540607591
5183.4540607591
5183.4540607591
5183.4540607591
5183.4540607591
5183.4540607591
5183.4540607591
5183.4540607591
5183.4540607591
5183.4540607591
5183.4540607591
5183.4540607591
5183.4540607591
5182.71974932081
5181.87688005032
5181.03078547117
5180.09700681368
5179.52594355893
5179.06642166327
5178.91967499014
5178.91967499014
5178.91967499014
5178.38758688455
5177.20532720115
5175.35312804837
5173.11898181358
5171.32371835297
5170.37687214385
5167.85709941751
5164.56184007898
5161.86594169202
5160.0662786441
5158.65457265749
5157.20554176387
5156.04509289824
5155.31347252522
5152.2534875528
5147.36787105798
5142.97151460126
5139.32048037481
5136.51428499912
5134.55265821668
5133.08006950992
5132.14487324744
5131.86145565135
5131.86145565135
5131.86145565135
5131.6837392809
5131.13184395022
5130.05935638176
5128.30966303713
5126.41775511907
5124.51890424848
5122.82373305973
5120.5515327941
5118.83375389356
5117.61800059364
5117.48668781854
5117.48668781854
5117.48668781854
5117.48668781854
5117.48668781854
5117.48668781854
5117.48668781854
5117.48668781854
5117.48668781854
5117.48668781854
5117.48668781854
5117.48668781854
5117.48668781854
5117.48668781854
5116.97078357889
5115.01896379671
5109.98659489435
5099.11541348105
5079.5072595676
5047.14622336227
4999.19953592573
4936.29861333368
4856.70783556104
4758.22372319756
4640.96746379459
4520.39998230245
4399.93397677738
4282.24123561483
4171.31418140614
4106.25206240435
4106.25206240435
4106.25206240435
4106.25206240435
4106.25206240435
4106.25206240435
4106.25206240435
4106.25206240435
4106.25206240435
4106.25206240435
4106.25206240435
4106.25206240435
4106.25206240435
4106.25206240435
4106.25206240435
4106.25206240435
4106.25206240435
4106.25206240435
4106.25206240435
4106.25206240435
4106.25206240435
4106.25206240435
4106.25206240435
4106.25206240435
4106.25206240435
4106.25206240435
4106.25206240435
4106.25206240435
4106.25206240435
4106.25206240435
4106.25206240435
4106.25206240435
4106.25206240435
4106.25206240435
4106.25206240435
4106.25206240435
4106.25206240435
4106.25206240435
4106.25206240435
4106.25206240435
4106.25206240435
4106.25206240435
4106.25206240435
4106.25206240435
4106.25206240435
4106.25206240435
4106.25206240435
4106.25206240435
4106.25206240435
4106.25206240435
4106.25206240435
4106.25206240435
4106.25206240435
4106.25206240435
4106.25206240435
4106.25206240435
4106.25206240435
4106.25206240435
4106.25206240435
4106.25206240435
4106.25206240435
4106.25206240435
4106.25206240435
4106.25206240435
4106.25206240435
4106.25206240435
4106.25206240435
4106.25206240435
4106.25206240435
4106.25206240435
4106.25206240435
4106.25206240435
4106.25206240435
4106.25206240435
4106.25206240435
4106.25206240435
4106.25206240435
4106.25206240435
4106.25206240435
4106.25206240435
4106.25206240435
4106.25206240435
4106.25206240435
4106.25206240435
4106.25206240435
4106.25206240435
4106.25206240435
4106.25206240435
4106.25206240435
4106.25206240435
4106.25206240435
4106.25206240435
4106.25206240435
4106.25206240435
4106.25206240435
4106.25206240435
4106.25206240435
4106.25206240435
4106.25206240435
4106.25206240435
4106.25206240435
4106.25206240435
4106.25206240435
4106.25206240435
4106.25206240435
4106.25206240435
4106.25206240435
4106.25206240435
4106.25206240435
4106.25206240435
4106.25206240435
4106.25206240435
4106.25206240435
4106.25206240435
4106.25206240435
4106.25206240435
4106.25206240435
4106.25206240435
4106.25206240435
4106.25206240435
4106.25206240435
4106.25206240435
4106.25206240435
4106.25206240435
4106.25206240435
4106.25206240435
4106.25206240435
4106.25206240435
4106.25206240435
4106.25206240435
4106.25206240435
4106.25206240435
4106.25206240435
4106.25206240435
4106.25206240435
4106.25206240435
4106.25206240435
4106.25206240435
4106.25206240435
4106.25206240435
4106.25206240435
4106.25206240435
4106.25206240435
4106.25206240435
4106.25206240435
4106.25206240435
4106.25206240435
4106.25206240435
4106.25206240435
4106.25206240435
4106.25206240435
4106.25206240435
4106.25206240435
4106.25206240435
4106.25206240435
4106.25206240435
4106.25206240435
4106.25206240435
4106.25206240435
4106.25206240435
4106.25206240435
4106.25206240435
4106.25206240435
4106.25206240435
4106.25206240435
4106.25206240435
4106.25206240435
4106.25206240435
4106.25206240435
4106.25206240435
4106.25206240435
4106.25206240435
4106.25206240435
4106.25206240435
4106.25206240435
4106.25206240435
4106.25206240435
4106.25206240435
4106.25206240435
4106.25206240435
4106.25206240435
4106.25206240435
4106.25206240435
4106.25206240435
4106.25206240435
4106.25206240435
4106.25206240435
4106.25206240435
4106.25206240435
4106.25206240435
4106.25206240435
4106.25206240435
4106.25206240435
4106.25206240435
4106.25206240435
4106.25206240435
4106.25206240435
4106.25206240435
4106.25206240435
4106.25206240435
4106.25206240435
4106.25206240435
4106.25206240435
4106.25206240435
4106.25206240435
4106.25206240435
4106.25206240435
4106.25206240435
4106.25206240435
4106.25206240435
4106.25206240435
4106.25206240435
4106.25206240435
4106.25206240435
4106.25206240435
4106.25206240435
4106.25206240435
4106.25206240435
4106.25206240435
4106.25206240435
4106.25206240435
4106.25206240435
4106.25206240435
4106.25206240435
4106.25206240435
4106.25206240435
4106.25206240435
4106.25206240435
4106.25206240435
4106.25206240435
4106.25206240435
4106.25206240435
4106.25206240435
4106.25206240435
4106.25206240435
4106.25206240435
4106.25206240435
4106.25206240435
4106.25206240435
4106.25206240435
4106.25206240435
4106.25206240435
4106.25206240435
4106.25206240435
4106.25206240435
4106.25206240435
4106.25206240435
4106.25206240435
4106.25206240435
4106.25206240435
4106.25206240435
4106.25206240435
4106.25206240435
4106.25206240435
4106.25206240435
4106.25206240435
4106.25206240435
4106.25206240435
4106.25206240435
4106.25206240435
4106.25206240435
4106.25206240435
4106.25206240435
4106.25206240435
4106.25206240435
4106.25206240435
4106.25206240435
4106.25206240435
4106.25206240435
4106.25206240435
4106.25206240435
4106.25206240435
4106.25206240435
4106.25206240435
4106.25206240435
4106.25206240435
4106.25206240435
4106.25206240435
4106.25206240435
4106.25206240435
4106.25206240435
4106.25206240435
4106.25206240435
4106.25206240435
4106.25206240435
4106.25206240435
4106.25206240435
4106.25206240435
4106.25206240435
4106.25206240435
4106.25206240435
4106.25206240435
4106.25206240435
4106.25206240435
4106.25206240435
4106.25206240435
4106.25206240435
4106.25206240435
4106.25206240435
4106.25206240435
4106.25206240435
4106.25206240435
4106.25206240435
4106.25206240435
4106.25206240435
4106.25206240435
4106.25206240435
4106.25206240435
4106.25206240435
4106.25206240435
4106.25206240435
4106.25206240435
4106.25206240435
4106.25206240435
4106.25206240435
4106.25206240435
4106.25206240435
4106.25206240435
4106.25206240435
4106.25206240435
4106.25206240435
4106.25206240435
4106.25206240435
4106.25206240435
4106.25206240435
4106.25206240435
4106.25206240435
4106.25206240435
4106.25206240435
4106.25206240435
4106.25206240435
4106.25206240435
4106.25206240435
4106.25206240435
4106.25206240435
4106.25206240435
4106.25206240435
4106.25206240435
4106.25206240435
4106.25206240435
4106.25206240435
4106.25206240435
4106.25206240435
4106.25206240435
4106.25206240435
4106.25206240435
4106.25206240435
4106.25206240435
4106.25206240435
4106.25206240435
4106.25206240435
4106.25206240435
4106.25206240435
4106.25206240435
4106.25206240435
4106.25206240435
4106.25206240435
4106.25206240435
4106.25206240435
4106.25206240435
4106.25206240435
4106.25206240435
4106.25206240435
4106.25206240435
4106.25206240435
4106.25206240435
4106.25206240435
4106.25206240435
4106.25206240435
4106.25206240435
4106.25206240435
4106.25206240435
4106.25206240435
4106.25206240435
4106.25206240435
4106.25206240435
4106.25206240435
4106.25206240435
4106.25206240435
4106.25206240435
4106.25206240435
4106.25206240435
4106.25206240435
4106.25206240435
4106.25206240435
4106.25206240435
4106.25206240435
4106.25206240435
4106.25206240435
4106.25206240435
4106.25206240435
4106.25206240435
4106.25206240435
4106.25206240435
4106.25206240435
4106.25206240435
4106.25206240435
4106.25206240435
4106.25206240435
4106.25206240435
4106.25206240435
4106.25206240435
4106.25206240435
4106.25206240435
4106.25206240435
4106.25206240435
4106.25206240435
4106.25206240435
4106.25206240435
4106.25206240435
4106.25206240435
4106.25206240435
4106.25206240435
4106.25206240435
4106.25206240435
4106.25206240435
4106.25206240435
4106.25206240435
4106.25206240435
4106.25206240435
4106.25206240435
4106.25206240435
4106.25206240435
4106.25206240435
4106.25206240435
4106.25206240435
4106.25206240435
4106.25206240435
4106.25206240435
4106.25206240435
4106.25206240435
4106.25206240435
4106.25206240435
4106.25206240435
4106.25206240435
4106.25206240435
4106.25206240435
4106.25206240435
4106.25206240435
4106.25206240435
4106.25206240435
4106.25206240435
4106.25206240435
4106.25206240435
4106.25206240435
4106.25206240435
4106.25206240435
4106.25206240435
4106.25206240435
4106.25206240435
4106.25206240435
4106.25206240435
4106.25206240435
4106.25206240435
4106.25206240435
4106.25206240435
4106.25206240435
4106.25206240435
4106.25206240435
4106.25206240435
4106.25206240435
4106.25206240435
4106.25206240435
4106.25206240435
4106.25206240435
4106.25206240435
4106.25206240435
4106.25206240435
4106.25206240435
4106.25206240435
4106.25206240435
4106.25206240435
4106.25206240435
4106.25206240435
4106.25206240435
4106.25206240435
4106.25206240435
4106.25206240435
4106.25206240435
4106.25206240435
4106.25206240435
4106.25206240435
4106.25206240435
4106.25206240435
4106.25206240435
4106.25206240435
4106.25206240435
4106.25206240435
4106.25206240435
4106.25206240435
4106.25206240435
4106.25206240435
4106.25206240435
4106.25206240435
4106.25206240435
4106.25206240435
4106.25206240435
4106.25206240435
4106.25206240435
4106.25206240435
4106.25206240435
4106.25206240435
4106.25206240435
4106.25206240435
4106.25206240435
4106.25206240435
4106.25206240435
4106.25206240435
4106.25206240435
4106.25206240435
4106.25206240435
4106.25206240435
4106.25206240435
4106.25206240435
4106.25206240435
4106.25206240435
4106.25206240435
4106.25206240435
4106.25206240435
4106.25206240435
4106.25206240435
4106.25206240435
4106.25206240435
4106.25206240435
4106.25206240435
4106.25206240435
4106.25206240435
4106.25206240435
4106.25206240435
4106.25206240435
4106.25206240435
4106.25206240435
4106.25206240435
4106.25206240435
4106.25206240435
4106.25206240435
4106.25206240435
4106.25206240435
4106.25206240435
4106.25206240435
4106.25206240435
4106.25206240435
4106.25206240435
4106.25206240435
4106.25206240435
4106.25206240435
4106.25206240435
4106.25206240435
4106.25206240435
4106.25206240435
4106.25206240435
4106.25206240435
4106.25206240435
4106.25206240435
4106.25206240435
4106.25206240435
4106.25206240435
4106.25206240435
4106.25206240435
4106.25206240435
4106.25206240435
4106.25206240435
4106.25206240435
4106.25206240435
4106.25206240435
4106.25206240435
4106.25206240435
4106.25206240435
4106.25206240435
4106.25206240435
4106.25206240435
4106.25206240435
4106.25206240435
4106.25206240435
4106.25206240435
4106.25206240435
4106.25206240435
4106.25206240435
4106.25206240435
4106.25206240435
4106.25206240435
4106.25206240435
4106.25206240435
4106.25206240435
4106.25206240435
4106.25206240435
4106.25206240435
4106.25206240435
4106.25206240435
4106.25206240435
4106.25206240435
4106.25206240435
4106.25206240435
4106.25206240435
4106.25206240435
4106.25206240435
4106.25206240435
4106.25206240435
4106.25206240435
4106.25206240435
4106.25206240435
4106.25206240435
4106.25206240435
4106.25206240435
4106.25206240435
4106.25206240435
4106.25206240435
4106.25206240435
4106.25206240435
4106.25206240435
4106.25206240435
4106.25206240435
4106.25206240435
4106.25206240435
4106.25206240435
4106.25206240435
4106.25206240435
4106.25206240435
4106.25206240435
4106.25206240435
4106.25206240435
4106.25206240435
4106.25206240435
4106.25206240435
4106.25206240435
4106.25206240435
4106.25206240435
4106.25206240435
4106.25206240435
4106.25206240435
4106.25206240435
4106.25206240435
4106.25206240435
4106.25206240435
4106.25206240435
4106.25206240435
4106.25206240435
4106.25206240435
4106.25206240435
4106.25206240435
4106.25206240435
4106.25206240435
4106.25206240435
4106.25206240435
4106.25206240435
4106.25206240435
4106.25206240435
4106.25206240435
4106.25206240435
4106.25206240435
4106.25206240435
4106.25206240435
4106.25206240435
4106.25206240435
4106.25206240435
4106.25206240435
4106.25206240435
4106.25206240435
4106.25206240435
4106.25206240435
4106.25206240435
4106.25206240435
4106.25206240435
4106.25206240435
4106.25206240435
4106.25206240435
4106.25206240435
4106.25206240435
4106.25206240435
4106.25206240435
4106.25206240435
4106.25206240435
4106.25206240435
4106.25206240435
4106.25206240435
4106.25206240435
4106.25206240435
4106.25206240435
4106.25206240435
4106.25206240435
4106.25206240435
4106.25206240435
4106.25206240435
4106.25206240435
4106.25206240435
4106.25206240435
4106.25206240435
4106.25206240435
4106.25206240435
4106.25206240435
4106.25206240435
4106.25206240435
4106.25206240435
4106.25206240435
4106.25206240435
4106.25206240435
4106.25206240435
4106.25206240435
4106.25206240435
4106.25206240435
4106.25206240435
4106.25206240435
4106.25206240435
4106.25206240435
4106.25206240435
4106.25206240435
4106.25206240435
4106.25206240435
4106.25206240435
4106.25206240435
4106.25206240435
4106.25206240435
4106.25206240435
4106.25206240435
4106.25206240435
4106.25206240435
4106.25206240435
4106.25206240435
4106.25206240435
4106.25206240435
4106.25206240435
4106.25206240435
4106.25206240435
4106.25206240435
4106.25206240435
4106.25206240435
4106.25206240435
4106.25206240435
4106.25206240435
4106.25206240435
4106.25206240435
4106.25206240435
4106.25206240435
4106.25206240435
4106.25206240435
4106.25206240435
4106.25206240435
4106.25206240435
4106.25206240435
4106.25206240435
4106.25206240435
4106.25206240435
4106.25206240435
4106.25206240435
4106.25206240435
4106.25206240435
4106.25206240435
4106.25206240435
4106.25206240435
4106.25206240435
4106.25206240435
4106.25206240435
4106.25206240435
4106.25206240435
4106.25206240435
4106.25206240435
4106.25206240435
4106.25206240435
4106.25206240435
4106.25206240435
4106.25206240435
4106.25206240435
4106.25206240435
4106.25206240435
4106.25206240435
4106.25206240435
4106.25206240435
4106.25206240435
4106.25206240435
4106.25206240435
4106.25206240435
4106.25206240435
4106.25206240435
4106.25206240435
4106.25206240435
4106.25206240435
4106.25206240435
4106.25206240435
4106.25206240435
4106.25206240435
4106.25206240435
4106.25206240435
4106.25206240435
4106.25206240435
4106.25206240435
4106.25206240435
4106.25206240435
4106.25206240435
4106.25206240435
4106.25206240435
4106.25206240435
4106.25206240435
4106.25206240435
4106.25206240435
4106.25206240435
4106.25206240435
4106.25206240435
4106.25206240435
4106.25206240435
4106.25206240435
4106.25206240435
4106.25206240435
4106.25206240435
4106.25206240435
4106.25206240435
4106.25206240435
4106.25206240435
4106.25206240435
4106.25206240435
4106.25206240435
4106.25206240435
4106.25206240435
4106.25206240435
4106.25206240435
4106.25206240435
4106.25206240435
4106.25206240435
4106.25206240435
4106.25206240435
4106.25206240435
4106.25206240435
4106.25206240435
4106.25206240435
4106.25206240435
4106.25206240435
4106.25206240435
4106.25206240435
4106.25206240435
4106.25206240435
4106.25206240435
4106.25206240435
4106.25206240435
4106.25206240435
4106.25206240435
4106.25206240435
4106.25206240435
4106.25206240435
4106.25206240435
4106.25206240435
4106.25206240435
4106.25206240435
4106.25206240435
4106.25206240435
4106.25206240435
4106.25206240435
4106.25206240435
4106.25206240435
4106.25206240435
4106.25206240435
4106.25206240435
4106.25206240435
4106.25206240435
4106.25206240435
4106.25206240435
4106.25206240435
4106.25206240435
4106.25206240435
4106.25206240435
4106.25206240435
4106.25206240435
4106.25206240435
4106.25206240435
4106.25206240435
4106.25206240435
4106.25206240435
4106.25206240435
4106.25206240435
4106.25206240435
4106.25206240435
4106.25206240435
4106.25206240435
4106.25206240435
4106.25206240435
4106.25206240435
4106.25206240435
4106.25206240435
4106.25206240435
4106.25206240435
4106.25206240435
4106.25206240435
4106.25206240435
4106.25206240435
4106.25206240435
4106.25206240435
4106.25206240435
4106.25206240435
4106.25206240435
4106.25206240435
4106.25206240435
4106.25206240435
4106.25206240435
4106.25206240435
4106.25206240435
4106.25206240435
4106.25206240435
4106.25206240435
4106.25206240435
4106.25206240435
4106.25206240435
4106.25206240435
4106.25206240435
4106.25206240435
4106.25206240435
4106.25206240435
4106.25206240435
4106.25206240435
4106.25206240435
4106.25206240435
4106.25206240435
4106.25206240435
4106.25206240435
4106.25206240435
4106.25206240435
4106.25206240435
4106.25206240435
4106.25206240435
4106.25206240435
4106.25206240435
4106.25206240435
4106.25206240435
4106.25206240435
4106.25206240435
4106.25206240435
4106.25206240435
4106.25206240435
4106.25206240435
4106.25206240435
4106.25206240435
4106.25206240435
4106.25206240435
4106.25206240435
4106.25206240435
4106.25206240435
4106.25206240435
4106.25206240435
4106.25206240435
4106.25206240435
4106.25206240435
4106.25206240435
4106.25206240435
4106.25206240435
4106.25206240435
4106.25206240435
4106.25206240435
4106.25206240435
4106.25206240435
4106.25206240435
4106.25206240435
4106.25206240435
4106.25206240435
4106.25206240435
4106.25206240435
4106.25206240435
4106.25206240435
4106.25206240435
4106.25206240435
4106.25206240435
4106.25206240435
4106.25206240435
4106.25206240435
4106.25206240435
4106.25206240435
4106.25206240435
4106.25206240435
4106.25206240435
4106.25206240435
4106.25206240435
4106.25206240435
4106.25206240435
4106.25206240435
4106.25206240435
4106.25206240435
4106.25206240435
4106.25206240435
4106.25206240435
4106.25206240435
4106.25206240435
4106.25206240435
4106.25206240435
4106.25206240435
4106.25206240435
4106.25206240435
4106.25206240435
4106.25206240435
4106.25206240435
4106.25206240435
4106.25206240435
4106.25206240435
4106.25206240435
4106.25206240435
4106.25206240435
4106.25206240435
4106.25206240435
4106.25206240435
4106.25206240435
4106.25206240435
4106.25206240435
4106.25206240435
4106.25206240435
4106.25206240435
4106.25206240435
4106.25206240435
4106.25206240435
4106.25206240435
4106.25206240435
4106.25206240435
4106.25206240435
4106.25206240435
4106.25206240435
4106.25206240435
4106.25206240435
4106.25206240435
4106.25206240435
4106.25206240435
4106.25206240435
4106.25206240435
4106.25206240435
4106.25206240435
4106.25206240435
4106.25206240435
4106.25206240435
4106.25206240435
4106.25206240435
4106.25206240435
4106.25206240435
4106.25206240435
4106.25206240435
4106.25206240435
4106.25206240435
4106.25206240435
4106.25206240435
4106.25206240435
4106.25206240435
4106.25206240435
4106.25206240435
4106.25206240435
4106.25206240435
4106.25206240435
4106.25206240435
4106.25206240435
4106.25206240435
4106.25206240435
4106.25206240435
4106.25206240435
4106.25206240435
4106.25206240435
4106.25206240435
4106.25206240435
4106.25206240435
4106.25206240435
4106.25206240435
4106.25206240435
4106.25206240435
4106.25206240435
4106.25206240435
4106.25206240435
4106.25206240435
4106.25206240435
4106.25206240435
4106.25206240435
4106.25206240435
4106.25206240435
4106.25206240435
4106.25206240435
4106.25206240435
4106.25206240435
4106.25206240435
4106.25206240435
4106.25206240435
4106.25206240435
4106.25206240435
4106.25206240435
4106.25206240435
4106.25206240435
4106.25206240435
4106.25206240435
4106.25206240435
4106.25206240435
4106.25206240435
4106.25206240435
4106.25206240435
4106.25206240435
4106.25206240435
4106.25206240435
4106.25206240435
4106.25206240435
4106.25206240435
4106.25206240435
4106.25206240435
4106.25206240435
4106.25206240435
4106.25206240435
4106.25206240435
4106.25206240435
4106.25206240435
4106.25206240435
4106.25206240435
4106.25206240435
4106.25206240435
4106.25206240435
4106.25206240435
4106.25206240435
4106.25206240435
4106.25206240435
4106.25206240435
4106.25206240435
4106.25206240435
4106.25206240435
4106.25206240435
4106.25206240435
4106.25206240435
4106.25206240435
4106.25206240435
4106.25206240435
4106.25206240435
4106.25206240435
4106.25206240435
4106.25206240435
4106.25206240435
4106.25206240435
4106.25206240435
4106.25206240435
4106.25206240435
4106.25206240435
4106.25206240435
4106.25206240435
4106.25206240435
4106.25206240435
4106.25206240435
4106.25206240435
4106.25206240435
4106.25206240435
4106.25206240435
4106.25206240435
4106.25206240435
4106.25206240435
4106.25206240435
4106.25206240435
4106.25206240435
4106.25206240435
4106.25206240435
4106.25206240435
4106.25206240435
4106.25206240435
4106.25206240435
4106.25206240435
4106.25206240435
4106.25206240435
4106.25206240435
4106.25206240435
4106.25206240435
4106.25206240435
4106.25206240435
4106.25206240435
4106.25206240435
4106.25206240435
4106.25206240435
4106.25206240435
4106.25206240435
4106.25206240435
4106.25206240435
4106.25206240435
4106.25206240435
4106.25206240435
4106.25206240435
4106.25206240435
4106.25206240435
4106.25206240435
4106.25206240435
4106.25206240435
4106.25206240435
4106.25206240435
4106.25206240435
4106.25206240435
4106.25206240435
4106.25206240435
4106.25206240435
4106.25206240435
4106.25206240435
4106.25206240435
4106.25206240435
4106.25206240435
4106.25206240435
4106.25206240435
4106.25206240435
4106.25206240435
4106.25206240435
4106.25206240435
4106.25206240435
4106.25206240435
4106.25206240435
4106.25206240435
4106.25206240435
4106.25206240435
4106.25206240435
4106.25206240435
4106.25206240435
4106.25206240435
4106.25206240435
4106.25206240435
4106.25206240435
4106.25206240435
4106.25206240435
4106.25206240435
4106.25206240435
4106.25206240435
4106.25206240435
4106.25206240435
4106.25206240435
4106.25206240435
4106.25206240435
4106.25206240435
4106.25206240435
4106.25206240435
4106.25206240435
4106.25206240435
4106.25206240435
4106.25206240435
4106.25206240435
4106.25206240435
4106.25206240435
4106.25206240435
4106.25206240435
4106.25206240435
4106.25206240435
4106.25206240435
4106.25206240435
4106.25206240435
4106.25206240435
4106.25206240435
4106.25206240435
4106.25206240435
4106.25206240435
4106.25206240435
4106.25206240435
4106.25206240435
4106.25206240435
4106.25206240435
4106.25206240435
4106.25206240435
4106.25206240435
4106.25206240435
4106.25206240435
4106.25206240435
4106.25206240435
4106.25206240435
4106.25206240435
4106.25206240435
4106.25206240435
4106.25206240435
4106.25206240435
4106.25206240435
4106.25206240435
4106.25206240435
4106.25206240435
4106.25206240435
4106.25206240435
4106.25206240435
4106.25206240435
4106.25206240435
4106.25206240435
4106.25206240435
4106.25206240435
4106.25206240435
4106.25206240435
4106.25206240435
4106.25206240435
4106.25206240435
4106.25206240435
4106.25206240435
4106.25206240435
4106.25206240435
4106.25206240435
4106.25206240435
4106.25206240435
4106.25206240435
4106.25206240435
4106.25206240435
4106.25206240435
4106.25206240435
4106.25206240435
4106.25206240435
4106.25206240435
4106.25206240435
4106.25206240435
4106.25206240435
4106.25206240435
4106.25206240435
4106.25206240435
4106.25206240435
4106.25206240435
4106.25206240435
4106.25206240435
4106.25206240435
4106.25206240435
4106.25206240435
4106.25206240435
4106.25206240435
4106.25206240435
4106.25206240435
4106.25206240435
4106.25206240435
4106.25206240435
4106.25206240435
4106.25206240435
4106.25206240435
4106.25206240435
4106.25206240435
4106.25206240435
4106.25206240435
4106.25206240435
4106.25206240435
4106.25206240435
4106.25206240435
4106.25206240435
4106.25206240435
4106.25206240435
4106.25206240435
4106.25206240435
4106.25206240435
4106.25206240435
4106.25206240435
4106.25206240435
4106.25206240435
4106.25206240435
4106.25206240435
4106.25206240435
4106.25206240435
4106.25206240435
4106.25206240435
4106.25206240435
4106.25206240435
4106.25206240435
4106.25206240435
4106.25206240435
4106.25206240435
4106.25206240435
4106.25206240435
4106.25206240435
4106.25206240435
4106.25206240435
4106.25206240435
4106.25206240435
4106.25206240435
4106.25206240435
4106.25206240435
4106.25206240435
4106.25206240435
4106.25206240435
4106.25206240435
4106.25206240435
4106.25206240435
4106.25206240435
4106.25206240435
4106.25206240435
4106.25206240435
4106.25206240435
4106.25206240435
4106.25206240435
4106.25206240435
4106.25206240435
4106.25206240435
4106.25206240435
4106.25206240435
4106.25206240435
4106.25206240435
4106.25206240435
4106.25206240435
4106.25206240435
4106.25206240435
4106.25206240435
4106.25206240435
4106.25206240435
4106.25206240435
4106.25206240435
4106.25206240435
4106.25206240435
4106.25206240435
4106.25206240435
4106.25206240435
4106.25206240435
4106.25206240435
4106.25206240435
4106.25206240435
4106.25206240435
4106.25206240435
4106.25206240435
4106.25206240435
4106.25206240435
4106.25206240435
4106.25206240435
4106.25206240435
4106.25206240435
4106.25206240435
4106.25206240435
4106.25206240435
4106.25206240435
4106.25206240435
4106.25206240435
4106.25206240435
4106.25206240435
4106.25206240435
4106.25206240435
4106.25206240435
4106.25206240435
4106.25206240435
4106.25206240435
4106.25206240435
4106.25206240435
4106.25206240435
4106.25206240435
4106.25206240435
4106.25206240435
4106.25206240435
4106.25206240435
4106.25206240435
4106.25206240435
4106.25206240435
4106.25206240435
4106.25206240435
4106.25206240435
4106.25206240435
4106.25206240435
4106.25206240435
4106.25206240435
4106.25206240435
4106.25206240435
4106.25206240435
4106.25206240435
4106.25206240435
4106.25206240435
4106.25206240435
4106.25206240435
4106.25206240435
4106.25206240435
4106.25206240435
4106.25206240435
4106.25206240435
4106.25206240435
4106.25206240435
4106.25206240435
4106.25206240435
4106.25206240435
4106.25206240435
4106.25206240435
4106.25206240435
4106.25206240435
4106.25206240435
4106.25206240435
4106.25206240435
4106.25206240435
4106.25206240435
4106.25206240435
4106.25206240435
4106.25206240435
4106.25206240435
4106.25206240435
4106.25206240435
4106.25206240435
4106.25206240435
4106.25206240435
4106.25206240435
4106.25206240435
4106.25206240435
4106.25206240435
4106.25206240435
4106.25206240435
4106.25206240435
4106.25206240435
4106.25206240435
4106.25206240435
4106.25206240435
4106.25206240435
4106.25206240435
4106.25206240435
4106.25206240435
4106.25206240435
4106.25206240435
4106.25206240435
4106.25206240435
4106.25206240435
4106.25206240435
4106.25206240435
4106.25206240435
4106.25206240435
4106.25206240435
4106.25206240435
4106.25206240435
4106.25206240435
4106.25206240435
4106.25206240435
4106.25206240435
4106.25206240435
4106.25206240435
4106.25206240435
4106.25206240435
4106.25206240435
4106.25206240435
4106.25206240435
4106.25206240435
4106.25206240435
4106.25206240435
4106.25206240435
4106.25206240435
4106.25206240435
4106.25206240435
4106.25206240435
4106.25206240435
4106.25206240435
4106.25206240435
4106.25206240435
4106.25206240435
4106.25206240435
4106.25206240435
4106.25206240435
4106.25206240435
4106.25206240435
4106.25206240435
4106.25206240435
4106.25206240435
4106.25206240435
4106.25206240435
4106.25206240435
4106.25206240435
4106.25206240435
4106.25206240435
4106.25206240435
4106.25206240435
4106.25206240435
4106.25206240435
4106.25206240435
4106.25206240435
4106.25206240435
4106.25206240435
4106.25206240435
4106.25206240435
4106.25206240435
4106.25206240435
4106.25206240435
4106.25206240435
4106.25206240435
4106.25206240435
4106.25206240435
4106.25206240435
4106.25206240435
4106.25206240435
4106.25206240435
4106.25206240435
4106.25206240435
4106.25206240435
4106.25206240435
4106.25206240435
4106.25206240435
4106.25206240435
4106.25206240435
4106.25206240435
4106.25206240435
4106.25206240435
4106.25206240435
4106.25206240435
4106.25206240435
4106.25206240435
4106.25206240435
4106.25206240435
4106.25206240435
4106.25206240435
4106.25206240435
4106.25206240435
4106.25206240435
4106.25206240435
4106.25206240435
4106.25206240435
4106.25206240435
4106.25206240435
4106.25206240435
4106.25206240435
4106.25206240435
4106.25206240435
4106.25206240435
4106.25206240435
4106.25206240435
4106.25206240435
4106.25206240435
4106.25206240435
4106.25206240435
4106.25206240435
4106.25206240435
4106.25206240435
4106.25206240435
4106.25206240435
4106.25206240435
4106.25206240435
4106.25206240435
4106.25206240435
4106.25206240435
4106.25206240435
4106.25206240435
4106.25206240435
4106.25206240435
4106.25206240435
4106.25206240435
4106.25206240435
4106.25206240435
4106.25206240435
4106.25206240435
4106.25206240435
4106.25206240435
4106.25206240435
4106.25206240435
4106.25206240435
4106.25206240435
4106.25206240435
4106.25206240435
4106.25206240435
4106.25206240435
4106.25206240435
4106.25206240435
4106.25206240435
4106.25206240435
4106.25206240435
4106.25206240435
4106.25206240435
4106.25206240435
4106.25206240435
4106.25206240435
4106.25206240435
4106.25206240435
4106.25206240435
4106.25206240435
4106.25206240435
4106.25206240435
4106.25206240435
4106.25206240435
4106.25206240435
4106.25206240435
4106.25206240435
4106.25206240435
4106.25206240435
4106.25206240435
4106.25206240435
4106.25206240435
4106.25206240435
4106.25206240435
4106.25206240435
4106.25206240435
4106.25206240435
4106.25206240435
4106.25206240435
4106.25206240435
4106.25206240435
4106.25206240435
4106.25206240435
4106.25206240435
4106.25206240435
4106.25206240435
4106.25206240435
4106.25206240435
4106.25206240435
4106.25206240435
4106.25206240435
4106.25206240435
4106.25206240435
4106.25206240435
4106.25206240435
4106.25206240435
4106.25206240435
4106.25206240435
4106.25206240435
4106.25206240435
4106.25206240435
4106.25206240435
4106.25206240435
4106.25206240435
4106.25206240435
4106.25206240435
4106.25206240435
4106.25206240435
4106.25206240435
4106.25206240435
4106.25206240435
4106.25206240435
4106.25206240435
4106.25206240435
4106.25206240435
4106.25206240435
4106.25206240435
4106.25206240435
4106.25206240435
4106.25206240435
4106.25206240435
4106.25206240435
4106.25206240435
4106.25206240435
4106.25206240435
4106.25206240435
4106.25206240435
4106.25206240435
4106.25206240435
4106.25206240435
4106.25206240435
4106.25206240435
4106.25206240435
4106.25206240435
4106.25206240435
4106.25206240435
4106.25206240435
4106.25206240435
4106.25206240435
4106.25206240435
4106.25206240435
4106.25206240435
4106.25206240435
4106.25206240435
4106.25206240435
4106.25206240435
4106.25206240435
4106.25206240435
4106.25206240435
4106.25206240435
4106.25206240435
4106.25206240435
4106.25206240435
4106.25206240435
4106.25206240435
4106.25206240435
4106.25206240435
4106.25206240435
4106.25206240435
4106.25206240435
4106.25206240435
4106.25206240435
4106.25206240435
4106.25206240435
4106.25206240435
4106.25206240435
4106.25206240435
4106.25206240435
4106.25206240435
4106.25206240435
4106.25206240435
4106.25206240435
4106.25206240435
4106.25206240435
4106.25206240435
4106.25206240435
4106.25206240435
4106.25206240435
4106.25206240435
4106.25206240435
4106.25206240435
4106.25206240435
4106.25206240435
4106.25206240435
4106.25206240435
4106.25206240435
4106.25206240435
4106.25206240435
4106.25206240435
4106.25206240435
4106.25206240435
4106.25206240435
4106.25206240435
4106.25206240435
4106.25206240435
4106.25206240435
4106.25206240435
4106.25206240435
4106.25206240435
4106.25206240435
4106.25206240435
4106.25206240435
4106.25206240435
4106.25206240435
4106.25206240435
4106.25206240435
4106.25206240435
4106.25206240435
4106.25206240435
4106.25206240435
4106.25206240435
4106.25206240435
4106.25206240435
4106.25206240435
4106.25206240435
4106.25206240435
4106.25206240435
4106.25206240435
4106.25206240435
4106.25206240435
4106.25206240435
4106.25206240435
4106.25206240435
4106.25206240435
4106.25206240435
4106.25206240435
4106.25206240435
4106.25206240435
4106.25206240435
4106.25206240435
4106.25206240435
4106.25206240435
4106.25206240435
4106.25206240435
4106.25206240435
4106.25206240435
4106.25206240435
4106.25206240435
4106.25206240435
4106.25206240435
4106.25206240435
4106.25206240435
4106.25206240435
4106.25206240435
4106.25206240435
4106.25206240435
4106.25206240435
4106.25206240435
4106.25206240435
4106.25206240435
4106.25206240435
4106.25206240435
4106.25206240435
4106.25206240435
4106.25206240435
4106.25206240435
4106.25206240435
4106.25206240435
4106.25206240435
4106.25206240435
4106.25206240435
4106.25206240435
4106.25206240435
4106.25206240435
4106.25206240435
4106.25206240435
4106.25206240435
4106.25206240435
4106.25206240435
4106.25206240435
4106.25206240435
4106.25206240435
4106.25206240435
4106.25206240435
4106.25206240435
4106.25206240435
4106.25206240435
4106.25206240435
4106.25206240435
4106.25206240435
4106.25206240435
4105.886384205
4104.58743359183
4102.38735372466
4099.34409387648
4095.88171215918
4092.2706410989
4088.753232955
4085.3602044373
4082.49139619424
4080.35096529698
4078.89985167569
4078.240306799
4078.240306799
4078.240306799
4078.16380249739
4077.6764216892
4076.77580938663
4075.71502929241
4074.06394156989
4071.90618752446
4069.19844686887
4066.13182275243
4063.48372704998
4061.16781234167
4059.35450533702
4057.69873204012
4055.97953643753
4054.20399092103
4052.04503923636
4048.77487642867
4043.8098372698
4037.76014641781
4031.08012820385
4023.95713197842
4016.52026012567
4008.97330996354
4001.43111898731
4000.47159719951
4000.47159719951
4000.47159719951
4000.47159719951
4000.47159719951
4000.47159719951
4000.47159719951
4000.47159719951
4000.47159719951
4000.47159719951
4000.47159719951
4000.47159719951
4000.47159719951
4000.47159719951
4000.47159719951
4000.47159719951
4000.47159719951
4000.47159719951
4000.47159719951
4000.47159719951
4000.47159719951
4000.47159719951
4000.47159719951
4000.47159719951
4000.47159719951
4000.47159719951
4000.47159719951
4000.47159719951
4000.47159719951
4000.47159719951
4000.47159719951
4000.47159719951
3997.96935956243
3989.73971582107
3974.5076424634
3950.4566824609
3915.65422375368
3869.71807758653
3809.80813165178
3735.68333775763
3630.74234833594
3492.31871397786
3329.97252240916
3161.76959944902
2989.29958351451
2808.21509147715
2622.01239508893
2429.47875067884
2240.26404693732
2068.65608548159
1918.2429460316
1783.61122445448
1756.60467948824
1756.60467948824
1756.60467948824
1756.60467948824
1756.60467948824
1756.60467948824
1756.60467948824
1756.60467948824
1756.60467948824
1756.60467948824
1756.60467948824
1756.60467948824
1756.60467948824
1756.60467948824
1756.60467948824
1756.60467948824
1756.60467948824
1756.60467948824
1756.60467948824
1756.60467948824
1756.60467948824
1756.60467948824
1756.60467948824
1756.60467948824
1756.60467948824
1756.60467948824
1756.60467948824
1756.60467948824
1756.60467948824
1756.60467948824
1756.60467948824
1756.60467948824
1756.60467948824
1756.60467948824
1756.60467948824
1756.60467948824
1756.60467948824
1756.60467948824
1756.60467948824
1756.60467948824
1756.60467948824
1756.60467948824
1756.60467948824
1756.60467948824
1756.60467948824
1756.60467948824
1756.60467948824
1756.60467948824
1756.60467948824
1756.60467948824
1756.60467948824
1756.60467948824
1756.60467948824
1756.60467948824
1756.60467948824
1756.60467948824
1756.60467948824
1756.60467948824
1756.60467948824
1756.60467948824
1756.60467948824
1756.60467948824
1756.60467948824
1756.60467948824
1756.60467948824
1756.60467948824
1756.60467948824
1756.60467948824
1756.60467948824
1756.60467948824
1756.60467948824
1756.60467948824
1756.60467948824
1756.60467948824
1756.60467948824
1756.60467948824
1756.60467948824
1756.60467948824
1756.60467948824
1756.60467948824
1756.60467948824
1756.60467948824
1756.60467948824
1756.60467948824
1756.60467948824
1756.60467948824
1756.60467948824
1756.60467948824
1756.60467948824
1756.60467948824
1756.60467948824
1756.60467948824
1756.60467948824
1756.60467948824
1756.60467948824
1756.60467948824
1756.60467948824
1756.60467948824
1756.60467948824
1756.60467948824
1756.60467948824
1756.60467948824
1756.60467948824
1756.60467948824
1756.60467948824
1756.60467948824
1756.60467948824
1756.60467948824
1756.60467948824
1756.60467948824
1756.60467948824
1756.60467948824
1756.60467948824
1756.60467948824
1756.60467948824
1756.60467948824
1756.60467948824
1756.60467948824
1756.60467948824
1756.60467948824
1756.60467948824
1756.60467948824
1756.60467948824
1756.60467948824
1756.60467948824
1756.60467948824
1756.60467948824
1756.60467948824
1756.60467948824
1756.60467948824
1756.60467948824
1756.60467948824
1756.60467948824
1756.60467948824
1756.60467948824
1756.60467948824
1756.60467948824
1756.60467948824
1756.60467948824
1756.60467948824
1756.60467948824
