1.70196446043399
1.8858901810459
1.97443119011312
2.03456938740892
2.07150162530769
2.21882320259034
2.38630267851224
2.39435679046776
2.52113393734044
2.56642704178385
2.6437394894626
2.67569959259854
2.7314618772049
2.77342888607768
2.85146506294436
2.91006927300737
2.93348604006486
3.00993141997478
3.09043052325751
3.18371184486985
3.19930290150329
3.42639104539199
3.44096874572581
3.64177747780091
3.66884100898229
3.78667098597584
3.91889670044085
4.00309361915398
4.05016968809808
4.19317162164726
4.24581732839511
4.31816887855845
4.43303870679717
4.46764634999651
4.56438470834183
4.59761734881448
4.65695298306576
4.7070550358051
4.7070550358051
4.70718088111467
4.71447416141681
4.72150525944166
4.73516085209068
4.76571180059672
4.79335012428547
4.82408513643907
4.85407643891061
4.89061056244654
4.92933792609355
4.99024934052808
5.06991748989204
5.12199431124843
5.19548435488123
5.24563738999976
5.3199805023783
5.42483896948256
5.53381361970655
5.66321702379986
5.7331802127015
5.79923628773363
5.93942268372206
6.03077561072448
6.10812236966909
6.27521336770519
6.37184113680993
6.44288989431646
6.62095628596804
6.63864746409283
6.82215638204481
6.90908392373339
7.02240010930392
7.13702974484928
7.23365093509277
7.38495840468064
7.44658549730716
7.59181790002341
7.67346354699214
7.81773944149218
7.90181147471784
8.00589127737267
8.13139617700745
8.21568338134182
8.36038003659559
8.38376467215257
8.57801054325681
8.59491277159924
8.72840953561017
8.8086326250703
8.91288992138843
8.99805291139403
9.05089331669014
9.18956387704788
9.21894337159497
9.34546193884087
9.38322690219324
9.50232451115456
9.58203391664478
9.62391867676502
9.76755488353306
9.7776170316069
9.87977351796716
9.97010656270658
10.0141542221356
10.1143318067139
10.1690903841045
10.242369366983
10.3417969505232
10.3692544637436
10.4585032947749
10.5656551806485
10.5687383331786
10.6907536013863
10.7680749134181
10.7974385619515
10.9226753428877
10.9618426452475
11.0222272011266
11.1544748863204
11.1544748863204
11.2475529726371
11.3550841792048
11.3550841792048
11.4527395452597
11.5471327366667
11.549851320349
11.6602595421602
11.6132998027373
11.619648536798
11.6806895946887
11.651848717921
11.5932364116732
11.6232675473157
11.6335068100977
11.5797391945819
11.5475431299332
11.5948458258873
11.5474918315725
11.4806875248396
11.5097514289156
11.4911569366179
11.4160869547078
11.5094426246811
11.4892236503703
11.5077183154094
11.5698619477459
11.537047869041
11.6264268886598
11.6144984238642
11.6966534401503
11.7418421452687
11.7449695906493
11.8576077471702
11.857233064885
11.8792193680561
11.971635510204
12.0045693087472
11.9743319220446
12.0545015677111
12.1113219233583
12.0834108758331
12.0977661765376
12.1540187434732
12.1742527499745
12.137582753648
12.1221995863021
12.1593057214719
12.1766124100992
12.1210511706065
12.0764720861425
12.0956604926123
12.100924015406
12.0243158487532
11.982788284886
11.9917079762277
11.9040267152008
11.8516613911797
11.8572580440723
11.7559090974845
11.7154526867499
11.680486738905
11.5732150153612
11.574136298903
11.4491183709149
11.4318503111785
11.3481698527519
11.2920208882602
11.2426012360815
11.1537579332798
11.1182775719149
11.013194658429
10.9909581031168
10.8741374884692
10.8571279829852
10.734437811917
10.7199422368619
10.5942659125026
10.5768063301549
10.451789310016
10.435567300105
10.3156446185508
10.2931096769808
10.1725557809909
10.1480396642229
10.029285994908
9.99396264351323
9.89950987426242
9.83385912890932
9.76758520677179
9.66307822646373
9.62102531114113
9.52567308135236
9.43585648430163
9.3879920523114
9.29917080336284
9.19378510474486
9.13045640897794
9.06743670508639
8.99252123999958
8.89912164778528
8.80738843704168
8.71550531575713
8.64014367835134
8.56110954127833
8.47120554851203
8.3686658814897
8.27058600230648
8.18617665219399
8.08764156382222
7.96360438545844
7.87492784607182
7.78782790168839
7.68306856779706
7.61258376329009
7.48744117485332
7.45684026231013
7.36532024669703
7.24903003775273
7.23418320504017
7.13254637261207
7.01450856048604
7.00542440334952
6.85472982008427
6.74060871377872
6.73323043568403
6.60782499666059
6.51023100558708
6.47574552969959
6.34107491091921
6.29254448747091
6.1987500130229
6.0580398398809
6.04566926158316
5.8943544017018
5.83706214093361
5.71866922508025
5.60233321526757
5.53271771691164
5.38033072686038
5.32591927975671
5.13043150248205
5.10024649844207
4.89493641835907
4.85832446006532
4.65142597308189
4.60243559962804
4.42510035428333
4.33326675706797
4.16145898314442
4.07970837090965
3.93290540968118
3.79992616773285
3.69165053495509
3.51061268348986
3.47727672172658
3.24994225883611
3.27496736762559
3.14102054236804
3.29756236263554
3.23703257778939
3.36939256609418
3.4567589840106
3.71677215475202
3.87390604797207
4.25533044434161
4.16827575474878
4.05713446224428
4.05908141962848
4.08129712719677
4.17290518507023
4.19640130103407
4.23282934078249
4.39753230818474
4.57550100073272
4.59120731598436
4.70667078907737
4.9293098462593
4.93215854105535
5.16189744508598
5.2774779242064
5.4063197419461
5.60483985217835
5.68331652443903
5.94135909568891
5.97122307707277
6.23902333204308
6.25588189310954
6.53875635141338
6.54193275082361
6.82541210781821
6.82915349794307
7.10015789604191
7.11374562415968
7.36059562474128
7.38837245443183
7.61339656256307
7.65842566376293
7.87157510342824
7.92282174460027
8.10745007347071
8.18010607556137
8.35320536460185
8.43436524443396
8.59271749407073
8.68060766216867
8.82705830183546
8.92504009435227
9.06631732386251
9.15691642978079
9.29419758694312
9.39428489405956
9.52243252737501
9.61698156618769
9.74192997835818
9.83999117856914
9.96440446822325
10.0578246302053
10.1776784864078
10.2761662289929
10.3905177086571
10.4867556440641
10.5966539322596
10.700967636931
10.789638717045
10.9012618503243
10.988156973207
11.1077199130372
11.1857681606947
11.2996418830467
11.3807197803053
11.5016975324524
11.5727416666209
11.6907064617414
11.7662806195877
11.8896361887997
11.9556103260306
12.0758206563477
12.1424219797586
12.2681735421455
12.3221525668775
12.4518238423775
12.4965595750871
12.635167118387
12.6766015879711
12.8172120251074
12.8500464398713
12.9977879809307
13.0235631217516
13.1712467929993
13.1991442732661
13.3507604275449
13.3726390541317
13.5210115866824
13.5479512831171
13.6960484272464
13.7157549665781
13.8638959233512
13.8826686371748
14.0356995263699
14.0509734265865
14.2006248962124
14.2183562101777
14.3663660266075
14.3823060973304
14.5300153342192
14.5443275199982
14.6934551482678
14.7015585433611
14.8563378373464
14.8574605353628
15.0126401847396
15.0158560410228
15.1627586835895
15.1757992973806
15.3171378996715
15.3349903259737
15.469976599153
15.492413481614
15.6283618775692
15.6481782213376
15.7823399716541
15.8052406516964
15.9308631145314
15.959364115549
16.0718977713046
16.0778687056066
16.0453742955814
16.1220741754124
16.0996901389133
16.1528622733618
16.2049645577191
16.2140068021773
16.2025086683472
16.2329902264592
16.2635904428701
16.313963053095
16.3024752435592
16.2904089278982
16.2785807507551
16.2778717280987
16.2944114386203
16.3283474339981
16.3429035690352
16.3658724229124
16.3543984362157
16.3433151241816
16.3319862311509
16.3203706775251
16.3098364730248
16.3287516206799
16.321934796111
16.3132795502975
16.3076441128301
16.2509200188368
16.1488368747308
16.1488368747308
16.0495405820282
15.9899869033983
15.9372863953114
15.8267068239732
15.8145403543351
15.6767984187575
15.6614931348247
15.5436662184799
15.4983503696141
15.4044474833444
15.3369992017701
15.26118643225
15.1713229181311
15.1166516756735
15.0003975530985
14.9701699040424
14.8315067698056
14.821607982997
14.671239396011
14.661088895155
14.5202792400778
14.4899174989174
14.3673226185909
14.3130573538367
14.2119969941477
14.1417941015307
14.0554873925087
13.9605244206253
13.8975300116777
13.7782257959822
13.7363357152794
13.6027301862899
13.5745593349508
13.4206407517422
13.4103566380383
13.2441331002414
13.2360465341296
13.0750251977776
13.0494822466972
12.9055127452072
12.8535105428443
12.7342695867047
12.6623238015307
12.5623752684541
12.4684964705293
12.3857063976485
12.2822822856545
12.2078935093493
12.0863514396648
12.0278693905243
11.8925617546577
11.8449645640078
11.6866419198835
11.6601509913785
11.4820072772998
11.4726072590876
11.2836447824826
11.274301826292
11.0938928974142
11.069021701507
10.9003995210065
10.8651496220677
10.7039859796886
10.6553373848724
10.5060112473954
10.4373837366071
10.3031096197626
10.2271382843452
10.0993761374129
10.0031457163231
9.89115087827113
9.77658831687039
9.67717427347475
9.54459630999033
9.46117852925102
9.30945923198748
9.24049238691239
9.07016402144327
9.01631792543844
8.82694108422405
8.78683795062
8.57968386953054
8.55103912411751
8.32719601128097
8.31193456583141
8.06732769961375
8.06629796529953
7.81547136017161
7.80298683995615
7.55857835264851
7.53066721175177
7.30052165388905
7.25477542599153
7.03185278977
6.96472648166147
6.75460798270185
6.67084471078785
6.47190143826127
6.36774138319921
6.17942819419363
6.05241942118113
5.87877255450043
5.73322765832549
5.56765262206146
5.39011767811653
5.24708288827059
5.02850978461233
4.91608609480928
4.63452908520468
4.57705105225831
4.22959242025974
4.22158925822365
3.86708600614601
3.75960888820492
3.49099079507357
3.27459606012994
3.10036792604908
2.75289161899743
2.75289161899743
2.75289161899743
2.75289161899743
2.75289161899743
2.75289161899743
2.75289161899743
2.75289161899743
2.75289161899743
2.75289161899743
2.75289161899743
2.67129096967195
2.55158655879651
2.44863823117928
2.3607468290104
2.29233380191253
2.22400220671687
2.15997593012
2.10696812651852
2.06421731067463
2.03144878956237
1.99612158490059
1.97209053662933
1.94961715279672
1.91902984514408
1.89639769660291
1.88073952631982
1.86489012098975
1.84845857414568
1.83533354093884
1.82470705992659
1.81634052295245
1.81117674569475
1.80269805272731
1.80081716898063
1.80081716898063
1.80081716898063
1.80081716898063
1.80081716898063
1.80081716898063
1.80081716898063
1.80081716898063
1.80081716898063
1.80081716898063
1.80081716898063
1.80081716898063
1.80081716898063
1.80081716898063
1.80081716898063
1.80081716898063
1.80081716898063
1.80081716898063
1.80081716898063
1.80081716898063
1.80081716898063
1.80081716898063
1.80081716898063
1.80081716898063
1.80081716898063
1.80081716898063
1.80081716898063
1.80081716898063
1.80081716898063
1.80081716898063
1.80081716898063
1.79639090123467
1.79639090123467
1.79639090123467
1.79639090123467
1.79639090123467
1.79639090123467
1.79639090123467
1.79639090123467
1.79639090123467
1.79639090123467
1.79639090123467
1.79099382630842
1.78922484380608
1.78495677502347
1.77500784174247
1.77070550494897
1.76702379554784
1.76588291219766
1.76496556764191
1.75558972737278
1.75028422607954
1.74719797775654
1.73907453593101
1.73907453593101
1.73907453593101
1.73907453593101
1.73858769367899
1.73751826053998
1.73488968228227
1.73433605152548
1.72456225497396
1.7191870924918
1.70988633642322
1.70615246645359
1.69835130300181
1.69638489849193
1.69020985228354
1.69020985228354
1.68174672272722
1.68174672272722
1.68174672272722
1.68174672272722
1.68174672272722
1.67656719349503
1.6697294754316
1.66701743078726
1.66701743078726
1.66584022776338
1.66265140840407
1.65609507946288
1.65474563207946
1.64403652799535
1.64031717730178
1.64031717730178
1.63230342348564
1.6245656838107
1.62304210159023
1.62148952236111
1.61579968297625
1.61357684689111
1.60959203781823
1.6074255773941
1.60452726714248
1.60439864053908
1.60439864053908
1.60439864053908
1.60439864053908
1.60439864053908
1.60439864053908
1.60439864053908
1.60439864053908
1.60439864053908
1.60439864053908
1.60439864053908
1.60439864053908
1.60439864053908
1.60439864053908
1.60439864053908
1.60439864053908
1.60439864053908
1.60439864053908
1.60439864053908
1.60439864053908
1.60439864053908
1.60439864053908
1.60439864053908
1.60439864053908
1.60439864053908
1.60439864053908
1.6040136976351
1.58252621432044
1.54165113833748
1.52535565081022
1.50578536692773
1.46350688975733
1.45121766712847
1.42197933530896
1.40098181469131
1.38240863360734
1.33855046115125
1.30235107825732
1.28310100988866
1.2536691348374
1.22405872811448
1.19551130799188
1.16694991053783
1.12634149940914
1.09036771889058
1.07444722690565
1.06002695884893
1.02987529803102
0.998381575537365
0.98230427339275
0.956002236623468
0.939199342220125
0.913977052538602
0.885517368096489
0.87755879783353
0.849945238538447
0.839783034337355
0.825399250368702
0.804628655375287
0.78427277889137
0.758243538151619
0.74376411595208
0.72535725727693
0.713421816519272
0.701713346820484
0.702110580561226
0.702110580561226
0.702110580561226
0.702110580561226
0.702110580561226
0.702110580561226
0.702110580561226
0.702110580561226
0.702110580561226
0.702110580561226
0.702110580561226
0.702110580561226
0.702110580561226
0.702110580561226
0.702110580561226
0.702110580561226
0.702110580561226
0.702110580561226
0.702110580561226
0.702110580561226
0.702110580561226
0.702110580561226
0.702110580561226
0.702110580561226
0.702110580561226
0.702110580561226
0.702110580561226
0.702110580561226
0.702110580561226
0.702110580561226
0.702110580561226
0.702110580561226
0.702110580561226
0.702110580561226
0.702110580561226
0.702110580561226
0.702110580561226
0.702110580561226
0.702110580561226
0.702110580561226
0.702110580561226
0.702110580561226
0.702110580561226
0.702110580561226
0.702110580561226
0.702110580561226
0.702110580561226
0.702110580561226
0.702110580561226
0.702110580561226
0.702110580561226
0.702110580561226
0.702110580561226
0.702110580561226
0.702110580561226
0.702110580561226
0.702110580561226
0.702110580561226
0.702110580561226
0.702110580561226
0.702110580561226
0.702110580561226
0.702110580561226
0.702110580561226
0.702110580561226
0.702110580561226
0.702110580561226
0.702110580561226
0.702110580561226
0.702110580561226
0.702110580561226
0.702110580561226
0.702110580561226
0.702110580561226
0.702110580561226
0.702110580561226
0.702110580561226
0.702110580561226
0.702110580561226
0.702110580561226
0.702110580561226
0.702110580561226
0.702110580561226
0.702110580561226
0.702110580561226
0.702110580561226
0.702110580561226
0.702110580561226
0.702110580561226
0.702110580561226
0.702110580561226
0.702110580561226
0.702110580561226
0.702110580561226
0.702110580561226
0.702110580561226
0.702110580561226
0.702110580561226
0.702110580561226
0.702110580561226
0.702110580561226
0.702110580561226
0.702110580561226
0.702110580561226
0.702110580561226
0.702110580561226
0.702110580561226
0.702110580561226
0.702110580561226
0.702110580561226
0.702110580561226
0.702110580561226
0.702110580561226
0.702110580561226
0.702110580561226
0.702110580561226
0.702110580561226
0.702110580561226
0.702110580561226
0.702110580561226
0.702110580561226
0.702110580561226
0.702110580561226
0.702110580561226
0.702110580561226
0.702110580561226
0.702110580561226
0.702110580561226
0.702110580561226
0.701713346820484
0.701713346820484
0.701713346820484
0.701713346820484
0.701713346820484
0.701713346820484
0.701713346820484
0.701713346820484
0.701713346820484
0.701713346820484
0.701713346820484
0.701713346820484
0.701713346820484
0.700520294078587
0.698926389182636
0.696128274016902
0.692916592416148
0.689689955128723
0.688476067496472
0.68807096239079
0.686448151257847
0.685228520768992
0.684006715599494
0.681147314004159
0.679507967911346
0.676629555107432
0.674979236661994
0.672081428336389
0.668337212973001
0.664991323555709
0.660785137623564
0.658248525045125
0.65485109061827
0.652718714098077
0.652718714098077
0.651007783988621
0.647141652765151
0.645415938619073
0.644118618837777
0.642384783609802
0.641081329882066
0.637592425992666
0.633644447314935
0.630114367216702
0.623888666792923
0.621650092417399
0.618051508826259
0.61079073984641
0.608045599031863
0.604366015475616
0.602980382742107
0.596003899753639
0.588944781003511
0.584668400891574
0.58275771473318
0.57843559538714
0.57843559538714
0.576020404899674
0.574080936750831
0.569692992646521
0.566256639926122
0.561311072365618
0.557323021344081
0.555318255777732
0.550780853997177
0.546715995092255
0.54210659765359
0.539011767811653
0.538494233589762
0.534335914729003
0.530144980103683
0.529092059540775
0.525920649992934
0.522729999817192
0.518982783046561
0.51628954855649
0.512495243235034
0.510314402519138
0.502606946030604
0.500383010581033
0.498149146700128
0.494779440738959
0.491953721225753
0.48911167710225
0.486253022127046
0.483377461594554
0.480484691980404
0.475819681588896
0.470516262542747
0.46873512203284
0.459725919626977
0.457902808996424
0.455460643268705
0.450536599763657
0.448054285557593
0.446183487050418
0.444931918001434
0.444931918001434
0.444931918001434
0.444931918001434
0.444931918001434
0.444931918001434
0.444931918001434
0.444931918001434
0.444931918001434
0.444931918001434
0.440523425082376
0.437347295517209
0.435430497560935
0.485679272048609
0.495342650301763
0.572134894077122
0.581814097731347
0.714690613684461
0.720146508647273
0.841883815234048
0.861526048447825
0.974470359696255
1.06945426165272
1.10816807313195
1.24773719941173
1.2849865707795
1.40182565110043
1.49687092035781
1.56482651510952
1.70008247158305
1.72208090728525
1.88598003621358
1.95330886082668
2.05635867056239
2.18903039141665
2.21637217998911
2.37829918472136
2.45227587039376
2.53556766541123
2.56725939331892
2.61343663119311
2.65881200124036
2.72561242224596
2.77066021056886
2.79101418612002
2.86904444045357
2.95521532351094
2.99774398452271
3.06479903067482
3.14117691223221
3.25238240943678
3.37481356550109
3.48296369315189
3.53256384731339
3.61795936367664
3.74176748303059
3.81950036307161
3.87299960511972
4.00250682647272
4.06362155758834
4.12977630131153
4.24286879333372
4.26652620834346
4.37799709592788
4.40947288256113
4.47942257981005
4.52857568724942
4.56047955754173
4.56047955754173
4.56047955754173
4.56708698442769
4.59034681935052
4.60603612843764
4.62568101023827
4.67252042320289
4.70415573914032
4.73981709216765
4.77952161027883
4.83636962174214
4.91051734873361
4.99183551295111
5.06750519411028
5.13066177875774
5.18945174235827
5.26438032251142
5.38340793587727
5.50267414689611
5.59798959824851
5.63967289612738
5.77710557692368
5.93324240589184
5.96574368308066
6.09939316452518
6.24554210165441
6.27333781898194
6.4536245150186
6.53231119290767
6.64240943579096
6.78251193136549
6.83624146263996
7.01868294721817
7.04247378220377
7.24650761002269
7.26106045102331
7.46570429968343
7.48606776094587
7.67247085230067
7.71082702956091
7.8731367313241
7.93488150854491
8.06497714003667
8.15857619552639
8.25229151545457
8.3876648788224
8.43081868922409
8.59860026104839
8.60188382404778
8.76080126863659
8.78534005474102
8.91582371084431
8.96782411576747
9.0664743880012
9.16321678722984
9.21115173314541
9.34896997043636
9.35601913867369
9.48349230669236
9.55170236664713
9.61427708126535
9.73932792515084
9.74135237692651
9.86135148517538
9.93751967426523
9.97956477796637
10.0960626704831
10.1271996541619
10.2117503403378
10.3179282363362
10.3281939221694
10.4461956003656
10.5052392170145
10.5581530900571
10.6780265832745
10.7030717410643
10.7859756999004
10.8945024044775
10.8945024044775
11.0048037107313
10.9823834136489
10.9576376798534
10.969249925128
10.9778688083077
10.9864260755885
10.9596374058873
10.920975356514
10.8779987622336
10.8326898377736
10.7850191881299
10.7840829372273
10.7868894617251
10.7607160114159
10.7008500673723
10.6301607117867
10.562891304562
10.5631356017304
10.5596318525773
10.4765263294117
10.3927294467585
10.4037533346197
10.3237559377681
10.2238302014487
10.175030868433
10.1750782680903
10.1098546508142
10.0329316789659
9.94143630464089
9.91741357312869
9.89359242965677
9.88670013418075
9.87974885567185
9.87284820164017
9.86592509358859
9.85905206086982
9.85274880167789
9.84591843389647
9.80592275323422
9.7651882568059
9.72207376297022
9.67709616799683
9.62320011024038
9.58449203689382
9.57802249537309
9.57080181800528
9.56267874735892
9.55443820193004
9.50396026719439
9.45270571246911
9.40765234565872
9.36241053915356
9.31461170772854
9.28391093474402
9.26873717340407
9.25108581967954
9.23288547868488
9.18343628938113
9.1246957142593
9.01413152846465
8.95498964081911
8.8871870718255
8.82169085992116
8.76223977097199
8.71895719179731
8.67118794242019
8.62062611799828
8.56976598279411
8.50716434275646
8.4435741519402
8.37718990293613
8.30386852814261
8.23325432753177
8.1519268599396
8.06355994246602
7.98153228697755
7.92051393604403
7.86473204672476
7.80200323955173
7.64782398314171
7.5960249893458
7.53595782500155
7.43458590987094
7.35387197025597
7.17870029016778
7.04544193410637
6.9575843288028
6.74414900145825
6.72127053670759
6.52251674375068
6.48239818774841
6.48239818774841
6.48239818774841
6.48239818774841
6.48239818774841
6.48239818774841
6.48239818774841
6.48239818774841
6.48239818774841
6.48239818774841
6.48239818774841
6.48239818774841
6.48239818774841
6.48239818774841
6.48239818774841
6.48239818774841
6.48239818774841
6.48239818774841
6.48239818774841
6.48239818774841
6.48239818774841
6.48239818774841
6.48239818774841
6.48239818774841
6.48239818774841
6.48239818774841
6.48239818774841
6.48239818774841
6.48239818774841
6.44650307551805
6.44650307551805
6.44650307551805
6.44650307551805
6.44650307551805
6.44650307551805
6.44650307551805
6.44650307551805
6.44650307551805
6.44650307551805
6.44650307551805
6.44650307551805
6.44650307551805
6.44650307551805
6.44650307551805
6.44650307551805
6.44650307551805
6.44650307551805
6.44650307551805
6.44650307551805
6.44650307551805
6.44650307551805
6.44650307551805
6.44650307551805
6.44650307551805
6.44650307551805
6.44650307551805
6.44650307551805
6.44650307551805
6.44650307551805
6.44650307551805
6.44650307551805
6.44650307551805
6.44650307551805
6.44650307551805
6.44650307551805
6.44650307551805
6.44650307551805
6.44650307551805
6.44650307551805
6.44650307551805
6.44650307551805
6.44650307551805
6.44650307551805
6.44650307551805
6.44650307551805
6.44650307551805
6.44650307551805
6.44650307551805
6.44650307551805
6.44650307551805
6.44650307551805
6.44650307551805
6.42519776080168
6.42883180297602
6.43255404729687
6.43622710454248
6.44014319563826
6.44407766546663
6.44798699852806
6.45188016393812
6.45578550415161
6.45971788682789
6.46367559405615
6.46766666721331
6.47167784986751
6.47570103405957
6.47973626840639
6.48368279025555
6.48752491920566
6.49160941593201
6.49570332460886
6.49980885586023
6.50392605624263
6.50779500262944
6.51190780079942
6.51602079021533
6.51999929758188
6.52407232438826
6.52811461319073
6.53214386810275
6.53598345523713
6.53598345523713
6.53598345523713
6.53598345523713
6.53598345523713
6.53598345523713
6.53598345523713
6.53598345523713
6.53598345523713
6.53598345523713
6.53598345523713
6.53598345523713
6.57292486076222
6.57292486076222
6.57292486076222
6.57292486076222
6.57292486076222
6.57292486076222
6.63280278032533
6.91592786636873
7.1957246650342
7.47028302011971
7.75912558155925
8.03251216351569
8.30769775882389
8.57293518449973
8.82621076005957
9.08829790285867
9.28847720277255
9.28847720277255
9.28847720277255
9.28847720277255
9.28847720277255
9.28847720277255
9.28890186550381
9.29026013348014
9.29112269328
9.29266017509361
9.29456990453826
9.29505882700687
9.29659488799064
9.29850380932284
9.29905714318475
9.30120224237996
9.30120224237996
9.30174901693922
9.30230146435814
9.30328417535085
9.30463965060172
9.30678346309768
9.30849590161611
9.31002897696236
9.31156256842933
9.31222140155098
9.31309610918828
9.31375483383087
9.31469306306314
9.31540897180518
9.31659847792973
9.31830911272953
9.31879678969061
9.32015000886596
9.32257530032664
9.32312651367181
9.32312651367181
9.4453178382485
9.4468511099053
9.65709150907038
9.65935829598043
9.86193133490126
9.87577784748018
10.0614086703832
10.0893435255867
10.2609093529404
10.2961013162038
10.4548943679725
10.4993362732309
10.6478767763509
10.7054350945504
10.8378172775101
10.8113898625521
11.0035390637834
11.0121123768866
11.2046561070164
11.2147793420737
11.4040314430309
11.4269853621901
11.6016736169339
11.6329905190069
11.7974297448318
11.8403307238339
11.9908174963512
12.0457152926454
12.1824450043438
12.2524544956697
12.373477938847
12.4604467473329
12.5607846686153
12.6682884342592
12.7222288112582
12.8578343236044
12.8578343236044
12.9360061160567
13.0421957512663
13.0421957512663
13.0511985910809
13.1317186569832
13.204666729727
13.2249740326081
13.2249740326081
13.2269475472839
13.276722531796
13.3226998465694
13.3667088114163
13.40386083269
13.40386083269
13.40386083269
13.40386083269
13.40386083269
13.4133303958594
13.4176067431443
13.4176067431443
13.4176067431443
13.2906403913169
13.2151156739984
13.0548854616213
12.890376152122
12.8242902944684
12.6836590666367
12.5214892094032
12.4766194014623
12.306648905346
12.1995779987312
12.1134078814007
11.9383047073958
11.9141188323263
11.7257891207487
11.6701619260759
11.5356872244923
11.4343571472165
11.3382038610162
11.205618463261
11.1333125538124
10.9783199034638
10.9304263076441
10.7530187695917
10.7238036744638
10.5266823541469
10.5143880773766
10.3099237931131
10.2986380057036
10.0927586572885
10.0663436700636
9.87216650084343
9.82711507093384
9.64791225800223
9.58352840390022
9.41892615524572
9.38497563164898
9.38497563164898
9.38497563164898
9.38497563164898
9.38497563164898
9.38497563164898
9.38497563164898
9.38497563164898
9.38497563164898
9.38497563164898
9.38497563164898
9.38497563164898
9.38497563164898
9.38497563164898
9.38497563164898
9.38497563164898
9.38497563164898
9.38497563164898
9.38497563164898
9.38497563164898
9.38497563164898
9.38497563164898
9.38497563164898
9.38497563164898
9.38497563164898
9.38497563164898
9.38497563164898
9.38497563164898
9.38497563164898
9.38497563164898
9.38497563164898
9.38497563164898
9.38497563164898
9.38497563164898
9.38497563164898
9.38497563164898
9.38497563164898
9.38497563164898
9.38497563164898
9.38497563164898
9.38497563164898
9.38497563164898
9.38497563164898
9.38497563164898
9.38497563164898
9.38497563164898
9.38497563164898
9.38497563164898
9.38497563164898
9.38497563164898
9.38497563164898
9.38497563164898
9.38497563164898
9.38497563164898
9.38497563164898
9.38497563164898
9.38497563164898
9.38497563164898
9.38497563164898
9.38497563164898
9.38497563164898
9.38497563164898
9.38497563164898
9.38497563164898
9.38497563164898
9.38497563164898
9.38497563164898
9.38497563164898
9.38497563164898
9.38497563164898
9.38497563164898
9.38497563164898
9.38497563164898
9.38497563164898
9.38497563164898
9.38497563164898
9.38497563164898
9.38497563164898
9.38497563164898
9.38497563164898
9.38497563164898
9.38497563164898
9.38497563164898
9.38497563164898
9.38497563164898
9.38497563164898
9.38497563164898
9.38497563164898
9.38497563164898
9.38497563164898
9.38497563164898
9.38497563164898
9.38497563164898
9.38497563164898
9.38497563164898
9.38497563164898
9.38497563164898
9.38497563164898
9.38497563164898
9.38497563164898
9.38497563164898
9.38497563164898
9.38497563164898
9.38497563164898
9.38497563164898
9.38497563164898
9.38497563164898
9.38497563164898
9.38497563164898
9.38497563164898
9.38497563164898
9.38497563164898
9.38497563164898
9.38497563164898
9.38497563164898
9.38497563164898
9.38497563164898
9.38497563164898
9.38497563164898
9.38497563164898
9.38497563164898
9.38497563164898
9.38497563164898
9.38497563164898
9.38497563164898
9.38497563164898
9.38497563164898
9.38497563164898
9.38497563164898
9.38497563164898
9.38497563164898
9.38497563164898
9.38497563164898
9.38497563164898
9.38497563164898
9.38497563164898
9.38497563164898
9.38497563164898
9.38497563164898
9.38497563164898
9.38497563164898
9.38497563164898
9.38497563164898
9.38497563164898
9.38497563164898
9.38497563164898
9.38497563164898
9.38497563164898
9.38497563164898
9.38497563164898
9.38497563164898
9.38497563164898
9.38497563164898
9.38497563164898
9.38497563164898
9.38497563164898
9.38497563164898
9.38497563164898
9.38497563164898
9.38497563164898
9.38497563164898
9.38497563164898
9.38497563164898
9.38497563164898
9.38497563164898
9.38497563164898
9.38497563164898
9.38497563164898
9.38497563164898
9.38497563164898
9.38497563164898
9.38497563164898
9.38497563164898
9.38497563164898
9.38497563164898
9.38497563164898
9.38497563164898
9.38497563164898
9.38497563164898
9.38497563164898
9.38497563164898
9.38497563164898
9.38497563164898
9.38497563164898
9.38497563164898
9.38497563164898
9.38497563164898
9.38497563164898
9.38497563164898
9.38497563164898
9.38497563164898
9.38497563164898
9.38497563164898
9.38497563164898
9.38497563164898
9.38497563164898
9.38497563164898
9.38497563164898
9.38497563164898
9.38497563164898
9.38497563164898
9.38497563164898
9.38497563164898
9.38497563164898
9.38497563164898
9.38497563164898
9.38497563164898
9.38497563164898
9.38497563164898
9.38497563164898
9.38497563164898
9.38497563164898
9.38497563164898
9.38497563164898
9.38497563164898
9.38497563164898
9.38497563164898
9.38497563164898
9.38497563164898
9.38497563164898
9.38497563164898
9.38497563164898
9.38497563164898
9.38497563164898
9.38497563164898
9.38497563164898
9.38497563164898
9.38497563164898
9.38497563164898
9.38497563164898
9.38497563164898
9.38497563164898
9.38497563164898
9.38497563164898
9.38497563164898
9.38497563164898
9.38497563164898
9.38497563164898
9.38497563164898
9.38497563164898
9.38497563164898
9.38497563164898
9.38497563164898
9.38497563164898
9.38497563164898
9.38497563164898
9.38497563164898
9.38497563164898
9.38497563164898
9.38497563164898
9.38497563164898
9.38497563164898
9.38497563164898
9.38497563164898
9.38497563164898
9.38497563164898
9.38497563164898
9.38497563164898
9.38497563164898
9.38497563164898
9.38497563164898
9.38497563164898
9.38497563164898
9.38497563164898
9.38497563164898
9.38497563164898
9.38497563164898
9.38497563164898
9.38497563164898
9.38497563164898
9.38497563164898
9.38497563164898
9.38497563164898
9.38497563164898
9.38497563164898
9.38497563164898
9.38497563164898
9.38497563164898
9.38497563164898
9.38497563164898
9.38497563164898
9.38497563164898
9.38497563164898
9.38497563164898
9.38497563164898
9.38497563164898
9.38497563164898
9.38497563164898
9.38497563164898
9.38497563164898
9.38497563164898
9.38497563164898
9.38497563164898
9.38497563164898
9.38497563164898
9.38497563164898
9.38497563164898
9.38497563164898
9.38497563164898
9.38497563164898
9.38497563164898
9.38497563164898
9.38497563164898
9.38497563164898
9.38497563164898
9.38497563164898
9.38497563164898
9.38497563164898
9.38497563164898
9.38497563164898
9.38497563164898
9.38497563164898
9.38497563164898
9.38497563164898
9.38497563164898
9.38497563164898
9.38497563164898
9.38497563164898
9.38497563164898
9.38497563164898
9.38497563164898
9.38497563164898
9.38497563164898
9.38497563164898
9.38497563164898
9.38497563164898
9.38497563164898
9.38497563164898
9.38497563164898
9.38497563164898
9.38497563164898
9.38497563164898
9.38497563164898
9.38497563164898
9.38497563164898
9.38497563164898
9.38497563164898
9.38497563164898
9.38497563164898
9.38497563164898
9.38497563164898
9.38497563164898
9.38497563164898
9.38497563164898
9.38497563164898
9.38497563164898
9.38497563164898
9.38497563164898
9.38497563164898
9.38497563164898
9.38497563164898
9.38497563164898
9.38497563164898
9.38497563164898
9.38497563164898
9.38497563164898
9.38497563164898
9.38497563164898
9.38497563164898
9.38497563164898
9.38497563164898
9.38497563164898
9.38497563164898
9.38497563164898
9.38497563164898
9.38497563164898
9.38497563164898
9.38497563164898
9.38497563164898
9.38497563164898
9.38497563164898
9.38497563164898
9.38497563164898
9.38497563164898
9.38497563164898
9.38497563164898
9.38497563164898
9.38497563164898
9.38497563164898
9.38497563164898
9.38497563164898
9.38497563164898
9.38497563164898
9.38497563164898
9.38497563164898
9.38497563164898
9.38497563164898
9.38497563164898
9.38497563164898
9.38497563164898
9.38497563164898
9.38497563164898
9.38497563164898
9.38497563164898
9.38497563164898
9.38497563164898
9.38497563164898
9.38497563164898
9.38497563164898
9.38497563164898
9.38497563164898
9.38497563164898
9.38497563164898
9.38497563164898
9.38497563164898
9.38497563164898
9.38497563164898
9.38497563164898
9.38497563164898
9.38497563164898
9.38497563164898
9.38497563164898
9.38497563164898
9.38497563164898
9.38497563164898
9.38497563164898
9.38497563164898
9.38497563164898
9.38497563164898
9.38497563164898
9.38497563164898
9.38497563164898
9.38497563164898
9.38497563164898
9.38497563164898
9.38497563164898
9.38497563164898
9.38497563164898
9.38497563164898
9.38497563164898
9.38497563164898
9.38497563164898
9.38497563164898
9.38497563164898
9.38497563164898
9.38497563164898
9.38497563164898
9.38497563164898
9.38497563164898
9.38497563164898
9.38497563164898
9.38497563164898
9.38497563164898
9.38497563164898
9.38497563164898
9.38497563164898
9.38497563164898
9.38497563164898
9.38497563164898
9.38497563164898
9.38497563164898
9.38497563164898
9.38497563164898
9.38497563164898
9.38497563164898
9.38497563164898
9.38497563164898
9.38497563164898
9.38497563164898
9.38497563164898
9.38497563164898
9.38497563164898
9.38497563164898
9.38497563164898
9.38497563164898
9.38497563164898
9.38497563164898
9.38497563164898
9.38497563164898
9.38497563164898
9.38497563164898
9.38497563164898
9.38497563164898
9.38497563164898
9.38497563164898
9.38497563164898
9.38497563164898
9.38497563164898
9.38497563164898
9.38497563164898
9.38497563164898
9.38497563164898
9.38497563164898
9.38497563164898
9.38497563164898
9.38497563164898
9.38497563164898
9.38497563164898
9.38497563164898
9.38497563164898
9.38497563164898
9.38497563164898
9.38497563164898
9.38497563164898
9.38497563164898
9.38497563164898
9.38497563164898
9.38497563164898
9.38497563164898
9.38497563164898
9.38497563164898
9.38497563164898
9.38497563164898
9.38497563164898
9.38497563164898
9.38497563164898
9.38497563164898
9.38497563164898
9.38497563164898
9.38497563164898
9.38497563164898
9.38497563164898
9.38497563164898
9.38497563164898
9.38497563164898
9.38497563164898
9.38497563164898
9.38497563164898
9.38497563164898
9.38497563164898
9.38497563164898
9.38497563164898
9.38497563164898
9.38497563164898
9.38497563164898
9.38497563164898
