5.09186701422037
5.09186701422037
5.09186701422037
5.09186701422037
5.09186701422037
5.09186701422037
5.09186701422037
5.09186701422037
5.09186701422037
5.09186701422037
5.09186701422037
5.09186701422037
5.09186701422037
5.09186701422037
5.09186701422037
5.09186701422037
5.09186701422037
5.09186701422037
5.09186701422037
5.09186701422037
5.09186701422037
5.09186701422037
5.09186701422037
5.09186701422037
5.09186701422037
5.09186701422037
5.09186701422037
5.09186701422037
5.09186701422037
5.09186701422037
5.09186701422037
5.09186701422037
5.09186701422037
5.09186701422037
5.09186701422037
5.09186701422037
5.09186701422037
5.09186701422037
5.09186701422037
5.09186701422037
5.09186701422037
5.09186701422037
5.09186701422037
5.09186701422037
5.09186701422037
5.09186701422037
5.08959688652837
5.08959688652837
5.08694735356005
5.08694735356005
5.08694735356005
5.08433523340436
5.08433523340436
5.08433523340436
5.08089735580643
5.07916578082863
5.0776500768669
5.0776500768669
5.0776500768669
5.07490163717568
5.07356072571068
5.07356072571068
5.07356072571068
5.07097083651157
5.07097083651157
5.07097083651157
5.07097083651157
5.07097083651157
5.07097083651157
5.07097083651157
5.07097083651157
5.06846853394738
5.06846853394738
5.06602368870625
5.06602368870625
5.06602368870625
5.06602368870625
5.06339298559846
5.06339298559846
5.06339298559846
5.06339298559846
5.06339298559846
5.06339298559846
5.06339298559846
5.06339298559846
5.06339298559846
5.06339298559846
5.06339298559846
5.06339298559846
5.06339298559846
5.06339298559846
5.06339298559846
5.06339298559846
5.06339298559846
5.06339298559846
5.06339298559846
5.06339298559846
5.06339298559846
5.06339298559846
5.06339298559846
5.06339298559846
5.06339298559846
5.06339298559846
5.06339298559846
5.06339298559846
5.06339298559846
5.06339298559846
5.06339298559846
5.06339298559846
5.06339298559846
5.06339298559846
5.06339298559846
5.06339298559846
5.06339298559846
5.06339298559846
5.06339298559846
5.06339298559846
5.06339298559846
5.06339298559846
5.06339298559846
5.06339298559846
5.06339298559846
5.06339298559846
5.06339298559846
5.06339298559846
5.06339298559846
5.06339298559846
5.06339298559846
5.06339298559846
5.06339298559846
5.06339298559846
5.06339298559846
5.06339298559846
5.06339298559846
5.06339298559846
5.06339298559846
5.06339298559846
5.06339298559846
5.06339298559846
5.06339298559846
5.06339298559846
5.05951328052527
5.05951328052527
5.05951328052527
5.05951328052527
5.05951328052527
5.05951328052527
5.05951328052527
5.05951328052527
5.05951328052527
5.05951328052527
5.05951328052527
5.05618069090237
5.05618069090237
5.05333569173924
5.05333569173924
5.05333569173924
5.05333569173924
5.05333569173924
5.05333569173924
5.05333569173924
5.05333569173924
5.04990344600619
5.04803712573699
5.04803712573699
5.04527815523188
5.04527815523188
5.04527815523188
5.04527815523188
5.04527815523188
5.04527815523188
5.04780021625076
5.04780021625076
5.04780021625076
5.04780021625076
5.04780021625076
5.04780021625076
5.04780021625076
5.04780021625076
5.04780021625076
5.04780021625076
5.04780021625076
5.04780021625076
5.04780021625076
5.04780021625076
5.04780021625076
5.04780021625076
5.04780021625076
5.04780021625076
5.04780021625076
5.04780021625076
5.04780021625076
5.04780021625076
5.04780021625076
5.04780021625076
5.04780021625076
5.04780021625076
5.04780021625076
5.04780021625076
5.04780021625076
5.04780021625076
5.04780021625076
5.04780021625076
5.04780021625076
5.04780021625076
5.04780021625076
5.04780021625076
5.04780021625076
5.04780021625076
5.04780021625076
5.04780021625076
5.04780021625076
5.04780021625076
5.04780021625076
5.04780021625076
5.04780021625076
5.04780021625076
5.04780021625076
5.04780021625076
5.04780021625076
5.04780021625076
5.04780021625076
5.04780021625076
5.04780021625076
5.04780021625076
5.04780021625076
5.04780021625076
5.04780021625076
5.04780021625076
5.04780021625076
5.04780021625076
5.04780021625076
5.04780021625076
5.04780021625076
5.04780021625076
5.04780021625076
5.04780021625076
5.04780021625076
5.04780021625076
5.04780021625076
5.04483973206916
5.04483973206916
5.04483973206916
5.04483973206916
5.04534207132007
5.0475103362419
5.0475103362419
5.0506747642856
5.0506747642856
5.05325367065143
5.05325367065143
5.05325367065143
5.05325367065143
5.05325367065143
5.05325367065143
5.05325367065143
5.05325367065143
5.05325367065143
5.05325367065143
5.05325367065143
5.05325367065143
5.05325367065143
5.05325367065143
5.05325367065143
5.05325367065143
5.05325367065143
5.05325367065143
5.05325367065143
5.05325367065143
5.05325367065143
5.05325367065143
5.05325367065143
5.05325367065143
5.05325367065143
5.05325367065143
5.05325367065143
5.05325367065143
5.05325367065143
5.05325367065143
5.05325367065143
5.05325367065143
5.05325367065143
5.05325367065143
5.05325367065143
5.05325367065143
5.05325367065143
5.05325367065143
5.05325367065143
5.05325367065143
5.05325367065143
5.05325367065143
5.05325367065143
5.05325367065143
5.05325367065143
5.05325367065143
5.05325367065143
5.05325367065143
5.05325367065143
5.05401918709336
5.05401918709336
5.05401918709336
5.05401918709336
5.05401918709336
5.05401918709336
5.05401918709336
5.05401918709336
5.05401918709336
5.05401918709336
5.05401918709336
5.05401918709336
5.05401918709336
5.05401918709336
5.05401918709336
5.05401918709336
5.05401918709336
5.05401918709336
5.05401918709336
5.05401918709336
5.05401918709336
5.05401918709336
5.05401918709336
5.05401918709336
5.05401918709336
5.05401918709336
5.05401918709336
5.05401918709336
5.05401918709336
5.05401918709336
5.05401918709336
5.05401918709336
5.05401918709336
5.05401918709336
5.05401918709336
5.05401918709336
5.05401918709336
5.05121190282626
5.04951506781764
5.04951506781764
5.04951506781764
5.04951506781764
5.04951506781764
5.04951506781764
5.04951506781764
5.04951506781764
5.04951506781764
5.04951506781764
5.04951506781764
5.04951506781764
5.04951506781764
5.04951506781764
5.04951506781764
5.04951506781764
5.04951506781764
5.04951506781764
5.04951506781764
5.04951506781764
5.04951506781764
5.04951506781764
5.04951506781764
5.04951506781764
5.04951506781764
5.04951506781764
5.04951506781764
5.04951506781764
5.04951506781764
5.04951506781764
5.04951506781764
5.04951506781764
5.04951506781764
5.04951506781764
5.04951506781764
5.04951506781764
5.04951506781764
5.04951506781764
5.04951506781764
5.04951506781764
5.04951506781764
5.04951506781764
5.04951506781764
5.04951506781764
5.04951506781764
5.04951506781764
5.04951506781764
5.04951506781764
5.04951506781764
5.04951506781764
5.04951506781764
5.04951506781764
5.04951506781764
5.04951506781764
5.04951506781764
5.04951506781764
5.04951506781764
5.04951506781764
5.04951506781764
5.04951506781764
5.04696068662597
5.04696068662597
5.04696068662597
5.04696068662597
5.04696068662597
5.04696068662597
5.04696068662597
5.04696068662597
5.04696068662597
5.04696068662597
5.04696068662597
5.04696068662597
5.04696068662597
5.04696068662597
5.04696068662597
5.04696068662597
5.04434573184396
5.04434573184396
5.04434573184396
5.04434573184396
5.04434573184396
5.04434573184396
5.04434573184396
5.04434573184396
5.04434573184396
5.04434573184396
5.04434573184396
5.04434573184396
5.04434573184396
5.04434573184396
5.04434573184396
5.04434573184396
5.04434573184396
5.04434573184396
5.04434573184396
5.04434573184396
5.04434573184396
5.04434573184396
5.04434573184396
5.04434573184396
5.04434573184396
5.04434573184396
5.04434573184396
5.04434573184396
5.04434573184396
5.04695494891716
5.04695494891716
5.04695494891716
5.04695494891716
5.04999414615534
5.04999414615534
5.04999414615534
5.04999414615534
5.04999414615534
5.04999414615534
5.04999414615534
5.04999414615534
5.05266182045663
5.05266182045663
5.05266182045663
5.05266182045663
5.05266182045663
5.05266182045663
5.05266182045663
5.05266182045663
5.05266182045663
5.05266182045663
5.05144173654446
5.05159846652639
5.05159846652639
5.05159846652639
5.05159846652639
5.05159846652639
5.05159846652639
5.05159846652639
5.05159846652639
5.05159846652639
5.05159846652639
5.05159846652639
5.05159846652639
5.05159846652639
5.05159846652639
5.05159846652639
5.05423470581932
5.05472697859056
5.05520609359959
5.05570015072213
5.05570015072213
5.05570015072213
5.05570015072213
5.05570015072213
5.05570015072213
5.05570015072213
5.05570015072213
5.05826282130648
5.05826282130648
5.05826282130648
5.05826282130648
5.05826282130648
5.05826282130648
5.05826282130648
5.05826282130648
5.05826282130648
5.06094591209968
5.06094591209968
5.06094591209968
5.06094591209968
5.06094591209968
5.06094591209968
5.06094591209968
5.06094591209968
5.06094591209968
5.06094591209968
5.0643959974872
5.06544469943348
5.06645655004139
5.06737112186299
5.06825150709287
5.06825150709287
5.06825150709287
5.06825150709287
5.06825150709287
5.06825150709287
5.06825150709287
5.06825150709287
5.06825150709287
5.06825150709287
5.06825150709287
5.06825150709287
5.05557540989402
5.05118249980209
5.05118249980209
5.05118249980209
5.05118249980209
5.05118249980209
5.05118249980209
5.05118249980209
5.05118249980209
5.05118249980209
5.05118249980209
5.05118249980209
5.05118249980209
5.0377196322404
4.99800353177355
4.95424998657873
4.94664724432098
4.94664724432098
4.94664724432098
4.94664724432098
4.94664724432098
4.94664724432098
4.94664724432098
4.94664724432098
4.94664724432098
4.94664724432098
4.94664724432098
4.94664724432098
4.94664724432098
4.94664724432098
4.94664724432098
4.94664724432098
4.94916122540975
4.94916122540975
4.94916122540975
4.94916122540975
4.94916122540975
4.94916122540975
4.94916122540975
4.94916122540975
4.95184714659184
4.95184714659184
4.95184714659184
4.95184714659184
4.95184714659184
4.95184714659184
4.95184714659184
4.95184714659184
4.95184714659184
4.95184714659184
4.95184714659184
4.95184714659184
4.95184714659184
4.95184714659184
4.95184714659184
4.95184714659184
4.95184714659184
4.95184714659184
4.95184714659184
4.95184714659184
4.95184714659184
4.95184714659184
4.95184714659184
4.95184714659184
4.95184714659184
4.95184714659184
4.95184714659184
4.95184714659184
4.95184714659184
4.95184714659184
4.95184714659184
4.95184714659184
4.95184714659184
4.95184714659184
4.95184714659184
4.95184714659184
4.95184714659184
4.95184714659184
4.95184714659184
4.95184714659184
4.95184714659184
4.95184714659184
4.95468906412829
4.95554467805782
4.95554467805782
4.95554467805782
4.95554467805782
4.95554467805782
4.95554467805782
4.95554467805782
4.95554467805782
4.95554467805782
4.95554467805782
4.95554467805782
4.95554467805782
4.95554467805782
4.95554467805782
4.95554467805782
4.95554467805782
4.95554467805782
4.95554467805782
4.95803851874474
4.95803851874474
4.95803851874474
4.95803851874474
4.95803851874474
4.95803851874474
4.95803851874474
4.95803851874474
4.95803851874474
4.95803851874474
4.95803851874474
4.95803851874474
4.95803851874474
4.95803851874474
4.95803851874474
4.95803851874474
4.95803851874474
4.95803851874474
4.95803851874474
4.95803851874474
4.95803851874474
4.95803851874474
4.95803851874474
4.95803851874474
4.95803851874474
4.95803851874474
4.95803851874474
4.95803851874474
4.95803851874474
4.95803851874474
4.95803851874474
4.95803851874474
4.95803851874474
4.95803851874474
4.95803851874474
4.95803851874474
4.95803851874474
4.95803851874474
4.95803851874474
4.96053463673157
4.96053463673157
4.96053463673157
4.96053463673157
4.96053463673157
4.96053463673157
4.96053463673157
4.96053463673157
4.96319969697765
4.96319969697765
4.96319969697765
4.96319969697765
4.96319969697765
4.96319969697765
4.96319969697765
4.96319969697765
4.96319969697765
4.96319969697765
4.96580326468099
4.96580326468099
4.96580326468099
4.96580326468099
4.96580326468099
4.96580326468099
4.96580326468099
4.96843485432497
4.96843485432497
4.96843485432497
4.96843485432497
4.96843485432497
4.96843485432497
4.96843485432497
4.96843485432497
4.96843485432497
4.96843485432497
4.96843485432497
4.96915419877949
4.9705675100494
4.97136654754272
4.97136654754272
4.97321305480817
4.97377555641069
4.97377555641069
4.97377555641069
4.97377555641069
4.97377555641069
4.97377555641069
4.97377555641069
4.97377555641069
4.97377555641069
4.97377555641069
4.97377555641069
4.97377555641069
4.97377555641069
4.97377555641069
4.97377555641069
4.97377555641069
4.97118733479575
4.96853546783717
4.96630525547165
4.96465906801935
4.96465906801935
4.96465906801935
4.96719468724848
4.96719468724848
4.96719468724848
4.96719468724848
4.96719468724848
4.96719468724848
4.96719468724848
4.96719468724848
4.96719468724848
4.96719468724848
4.96449444397241
4.96449444397241
4.96449444397241
4.96449444397241
4.96449444397241
4.96449444397241
4.96449444397241
4.96449444397241
4.96449444397241
4.96141065812004
4.96141065812004
4.96141065812004
4.96012423223604
4.95979703790854
4.95952202526335
4.95942031242195
4.95936062823131
4.9595245808412
4.95975514671189
4.95975514671189
4.95975514671189
4.95975514671189
4.95975514671189
4.95975514671189
4.95975514671189
4.95975514671189
4.95975514671189
4.95975514671189
4.95975514671189
4.95975514671189
4.95975514671189
4.95975514671189
4.95975514671189
4.95975514671189
4.95975514671189
4.95975514671189
4.96234975779342
4.96234975779342
4.96234975779342
4.96234975779342
4.96234975779342
4.96234975779342
4.96234975779342
4.96234975779342
4.96360419624172
4.96360419624172
4.96360419624172
4.96360419624172
4.96360419624172
4.96360419624172
4.96360419624172
4.96615851636451
4.96615851636451
4.96615851636451
4.96615851636451
4.96615851636451
4.96615851636451
4.96615851636451
4.96615851636451
4.96615851636451
4.96615851636451
4.96615851636451
4.96615851636451
4.96615851636451
4.96878067983978
4.96878067983978
4.96878067983978
4.96878067983978
4.96878067983978
4.96832053057761
4.96832053057761
4.96832053057761
4.96832053057761
4.96832053057761
4.96578023233084
4.96578023233084
4.96368249173297
4.96368249173297
4.96368249173297
4.96368249173297
4.96368249173297
4.96368249173297
4.9607805349058
4.9607805349058
4.9607805349058
4.9607805349058
4.9607805349058
4.9607805349058
4.9607805349058
4.9607805349058
4.95732679831077
4.95732679831077
4.95495556046932
4.95495556046932
4.95495556046932
4.95495556046932
4.95495556046932
4.95495556046932
4.95495556046932
4.95245999066627
4.95245999066627
4.95245999066627
4.95245999066627
4.95245999066627
4.95245999066627
4.95245999066627
4.95245999066627
4.95245999066627
4.95178476303221
4.95162720918475
4.95158755309097
4.95158755309097
4.9515054563465
4.9515054563465
4.9515054563465
4.9515054563465
4.9515054563465
4.9515054563465
4.9515054563465
4.9515054563465
4.9515054563465
4.9515054563465
4.9515054563465
4.9515054563465
4.9515054563465
4.9515054563465
4.9515054563465
4.9515054563465
4.9515054563465
4.9515054563465
4.9515054563465
4.9515054563465
4.9515054563465
4.9515054563465
4.9515054563465
4.9515054563465
4.9515054563465
4.9515054563465
4.9515054563465
4.9515054563465
4.9515054563465
4.9515054563465
4.9515054563465
4.9515054563465
4.9515054563465
4.9515054563465
4.9515054563465
4.9515054563465
4.9515054563465
4.9515054563465
4.9515054563465
4.9515054563465
4.9515054563465
4.9515054563465
4.9515054563465
4.9515054563465
4.9515054563465
4.9515054563465
4.9515054563465
4.95417387058843
4.95417387058843
4.95417387058843
4.95417387058843
4.95417387058843
4.95405337111627
4.95355777991418
4.95294872636682
4.95196688505316
4.95054050525295
4.95054050525295
4.95054050525295
4.95054050525295
4.95054050525295
4.95054050525295
4.95054050525295
4.95054050525295
4.95054050525295
4.95054050525295
4.95054050525295
4.95054050525295
4.95054050525295
4.94796807247101
4.94796807247101
4.94498463910388
4.94341043620017
4.94341043620017
4.94341043620017
4.94341043620017
4.94341043620017
4.94341043620017
4.93991852071376
4.93991852071376
4.93991852071376
4.93991852071376
4.93991852071376
4.93700103261128
4.93700103261128
4.93442846348925
4.93253850876985
4.93076280287058
4.93076280287058
4.93076280287058
4.93076280287058
4.93076280287058
4.92868963639432
4.92843168945755
4.92821062206111
4.92821062206111
4.9281223865206
4.92828721156893
4.92828721156893
4.92828721156893
4.92828721156893
4.92828721156893
4.92828721156893
4.92828721156893
4.92828721156893
4.92828721156893
4.92828721156893
4.92828721156893
4.92828721156893
4.92828721156893
4.92828721156893
4.92828721156893
4.92828721156893
4.92828721156893
4.92828721156893
4.92828721156893
4.9309943821746
4.9309943821746
4.9309943821746
4.9309943821746
4.9309943821746
4.9309943821746
4.9309943821746
4.9309943821746
4.9309943821746
4.9309943821746
4.9309943821746
4.9309943821746
4.9309943821746
4.9309943821746
4.9309943821746
4.93359021977852
4.93359021977852
4.93359021977852
4.93359021977852
4.93359021977852
4.93359021977852
4.93359021977852
4.93359021977852
4.93359021977852
4.93359021977852
4.93359021977852
4.93359021977852
4.93359021977852
4.93359021977852
4.93359021977852
4.93359021977852
4.93359021977852
4.93359021977852
4.93570777948875
4.93529491957129
4.9347439266212
4.9347439266212
4.9347439266212
4.9347439266212
4.93076233586641
4.92910421095502
4.92910421095502
4.92636650142228
4.92636650142228
4.92636650142228
4.92393434936678
4.92393434936678
4.92393434936678
4.92393434936678
4.92393434936678
4.92017053207137
4.92017053207137
4.91686936894271
4.9291855857766
4.9361817453609
4.9342671536396
4.93809405408923
4.93525387127174
4.94705100707795
4.97320548818816
4.97257108024786
4.98152780290047
5.01672711283421
5.04176234588187
5.03974236560284
5.03974236560284
5.03974236560284
5.03974236560284
5.03668100841469
5.03668100841469
5.03668100841469
5.03668100841469
5.03668100841469
5.03408236304237
5.03408236304237
5.03408236304237
5.03408236304237
5.03408236304237
5.03408236304237
5.03408236304237
5.03408236304237
5.03408236304237
5.03408236304237
5.03408236304237
5.03408236304237
5.03408236304237
5.03408236304237
5.03408236304237
5.03408236304237
5.03408236304237
5.03408236304237
5.03408236304237
5.03408236304237
5.03408236304237
5.03408236304237
5.03408236304237
5.03408236304237
5.03408236304237
5.03408236304237
5.03408236304237
5.03408236304237
5.03408236304237
5.03408236304237
5.03408236304237
5.03408236304237
5.03408236304237
5.03408236304237
5.03408236304237
5.03408236304237
5.03408236304237
5.03408236304237
5.03408236304237
5.03408236304237
5.03408236304237
5.03408236304237
5.03408236304237
5.03408236304237
5.03408236304237
5.03408236304237
5.03408236304237
5.03408236304237
5.03408236304237
5.03408236304237
5.03408236304237
5.03408236304237
5.03408236304237
5.03408236304237
5.03408236304237
5.03408236304237
5.03408236304237
5.03408236304237
5.03408236304237
5.03216735616237
5.03216735616237
5.03216735616237
5.0288283738768
5.0288283738768
5.02635700821008
5.02635700821008
5.02635700821008
5.02272153458956
5.02079354901192
5.01889482404763
5.01639588668864
5.01442179795718
5.01280037306792
5.01280037306792
5.01280037306792
5.00991269759732
5.00991269759732
5.00991269759732
5.00991269759732
5.00649968133038
5.00527697363458
5.00527697363458
5.00527697363458
5.00238064225678
5.00238064225678
5.00238064225678
4.99943696134574
4.99830497491708
4.99830497491708
4.99830497491708
4.99830497491708
4.99830497491708
4.99830497491708
4.99578995015738
4.99578995015738
4.99578995015738
4.99578995015738
4.99578995015738
4.99578995015738
4.99578995015738
4.99578995015738
4.99578995015738
4.99578995015738
4.99578995015738
4.99578995015738
4.99578995015738
4.99578995015738
4.99578995015738
4.99578995015738
4.99578995015738
4.99578995015738
4.99578995015738
4.99851269654029
4.99851269654029
4.99851269654029
4.99851269654029
4.99851269654029
4.99851269654029
4.99851269654029
4.99851269654029
4.99851269654029
5.00134348304003
5.00134348304003
5.00252327362285
5.00309599838247
5.00309599838247
5.00309599838247
5.00309599838247
5.00309599838247
5.00309599838247
5.00309599838247
5.00309599838247
5.00583968888968
5.00583968888968
5.00583968888968
5.00583968888968
5.00583968888968
5.00583968888968
5.00583968888968
5.00583968888968
5.00583968888968
5.00583968888968
5.00868024385103
5.00969273351912
5.01053630616335
5.0113244366024
5.0113244366024
5.0113244366024
5.0113244366024
5.0138700992917
5.0138700992917
5.0138700992917
5.0138700992917
5.0138700992917
5.0138700992917
5.0138700992917
5.0138700992917
5.0138700992917
5.0138700992917
5.0138700992917
5.0138700992917
5.0138700992917
5.0138700992917
5.0138700992917
5.0138700992917
5.0138700992917
5.0138700992917
5.0138700992917
5.0138700992917
5.01695155172028
5.01695155172028
5.01695155172028
5.01695155172028
5.01695155172028
5.01988812164078
5.01988812164078
5.01988812164078
5.01988812164078
5.02242260988416
5.02242260988416
5.02242260988416
5.02242260988416
5.02242260988416
5.02242260988416
5.02242260988416
5.02242260988416
5.02242260988416
5.02242260988416
5.02242260988416
5.02498943766717
5.02498943766717
5.02498943766717
5.02498943766717
5.02498943766717
5.02498943766717
5.02498943766717
5.02498943766717
5.02498943766717
5.02498943766717
5.02498943766717
5.02498943766717
5.02498943766717
5.02498943766717
5.02498943766717
5.02498943766717
5.02498943766717
5.02498943766717
5.02498943766717
5.02498943766717
5.02498943766717
5.02498943766717
5.02498943766717
5.02498943766717
5.02498943766717
5.02498943766717
5.02498943766717
5.02498943766717
5.02498943766717
5.02498943766717
5.02498943766717
5.02498943766717
5.02498943766717
5.02498943766717
5.02498943766717
5.02498943766717
5.02498943766717
5.02498943766717
5.02498943766717
5.02498943766717
5.02498943766717
5.02498943766717
5.02498943766717
5.02498943766717
5.02498943766717
5.02498943766717
5.02498943766717
5.02498943766717
5.02498943766717
5.02498943766717
5.02498943766717
5.02498943766717
5.02498943766717
5.02757476093537
5.02757476093537
5.02757476093537
5.02757476093537
5.02757476093537
5.02757476093537
5.02757476093537
5.02757476093537
5.02757476093537
5.02757476093537
5.02757476093537
5.02757476093537
5.02757476093537
5.02757476093537
5.02757476093537
5.02757476093537
5.02757476093537
5.02757476093537
5.02757476093537
5.02757476093537
5.02757476093537
5.02757476093537
5.02757476093537
5.02757476093537
5.02757476093537
5.02757476093537
5.02757476093537
5.02757476093537
5.02757476093537
5.02757476093537
5.02757476093537
5.02757476093537
5.02757476093537
5.02757476093537
5.02757476093537
5.02757476093537
5.02757476093537
5.03011774149569
5.03011774149569
5.03011774149569
5.03011774149569
5.03011774149569
5.03011774149569
5.03011774149569
5.03011774149569
5.03011774149569
5.03011774149569
5.03011774149569
5.03011774149569
5.03299342750646
5.03299342750646
5.03299342750646
5.03299342750646
5.03299342750646
5.03299342750646
5.03299342750646
5.03299342750646
5.03299342750646
5.03299342750646
5.03299342750646
5.03299342750646
5.03299342750646
5.03299342750646
5.03299342750646
5.03299342750646
5.03299342750646
5.03299342750646
5.03299342750646
5.03569949720329
5.03569949720329
5.03569949720329
5.03569949720329
5.03569949720329
5.03569949720329
5.03569949720329
5.03569949720329
5.03569949720329
5.03569949720329
5.03569949720329
5.03569949720329
5.03569949720329
5.03569949720329
5.03569949720329
5.03569949720329
5.03569949720329
5.03569949720329
5.03569949720329
5.03569949720329
5.03569949720329
5.03569949720329
5.03569949720329
5.03569949720329
5.03884204406081
5.03978621819181
5.04069056975965
5.04142981822036
5.04217037204525
5.04217037204525
5.04217037204525
5.04217037204525
5.04217037204525
5.04217037204525
5.04217037204525
5.04217037204525
5.04217037204525
5.04217037204525
5.04070597116001
5.04070597116001
5.04070597116001
5.03733637132788
5.03733637132788
5.03733637132788
5.03381916427422
5.03235102274664
5.03235102274664
5.02984209500299
5.02838123808864
5.02621229000018
5.02299726416522
5.02040866377539
5.01789079109273
5.01526806956068
5.01304410026629
5.01005953097533
5.00659091578831
5.00390857605959
5.00148457562932
4.99834760283889
4.99630719038537
4.99445389394519
4.9922383655627
4.98881014926945
4.985877270278
4.98290431221335
4.98029239574911
4.97889098175272
4.9778556215535
4.97705009583506
4.97705009583506
4.97611984464687
4.97611984464687
4.97611984464687
4.97611984464687
4.97611984464687
4.97611984464687
4.97611984464687
4.97550976574989
4.97578891747318
4.97606533762199
4.97606533762199
4.97651508754554
4.97651508754554
4.97651508754554
4.97651508754554
4.97651508754554
4.97651508754554
4.97651508754554
4.97651508754554
4.97651508754554
4.97651508754554
4.97651508754554
4.97651508754554
4.97651508754554
4.97651508754554
4.97651508754554
4.97922334711576
4.97964816014047
4.97964816014047
4.97964816014047
4.97964816014047
4.97964816014047
4.97964816014047
4.97964816014047
4.97964816014047
4.97964816014047
4.97964816014047
4.97964816014047
4.97964816014047
4.97964816014047
4.97964816014047
4.97964816014047
4.97964816014047
4.97964816014047
4.98005468464785
4.97958118991349
4.97958118991349
4.97958118991349
4.97958118991349
4.97958118991349
4.97958118991349
4.97958118991349
4.97958118991349
4.98097309335225
4.98097309335225
4.98097309335225
4.9811953103551
4.9811953103551
4.9811953103551
4.9811953103551
4.9811953103551
4.9811953103551
4.9811953103551
4.9840816415552
4.9840816415552
4.9840816415552
4.9840816415552
4.9840816415552
4.9840816415552
4.9840816415552
4.9840816415552
4.9840816415552
4.98406889448866
4.98559752671119
4.98559752671119
4.98268814735789
4.98106186029271
4.97955996500529
4.97955996500529
4.97653167307818
4.9748021812621
4.97321301165188
4.97165061000311
4.97165061000311
4.97165061000311
4.97165061000311
4.97165061000311
4.97165061000311
4.97165061000311
4.96876158100114
4.96707495895164
4.96707495895164
4.96707495895164
4.96707495895164
4.96707495895164
4.96461686506583
4.96461686506583
4.96461686506583
4.96461686506583
4.96461686506583
4.96461686506583
4.96461686506583
4.96461686506583
4.96461686506583
4.96461686506583
4.96461686506583
4.96461686506583
4.96461686506583
4.96461686506583
4.96461686506583
4.96461686506583
4.96461686506583
4.96461686506583
4.96461686506583
4.96461686506583
4.96461686506583
4.96461686506583
4.96461686506583
4.96461686506583
4.96461686506583
4.96461686506583
4.96461686506583
4.96461686506583
4.96461686506583
4.96461686506583
4.96461686506583
4.96461686506583
4.96461686506583
4.96461686506583
4.96461686506583
4.96461686506583
4.96461686506583
4.96461686506583
4.96461686506583
4.96461686506583
4.96461686506583
4.96461686506583
4.96461686506583
4.96461686506583
4.96461686506583
4.96461686506583
4.96461686506583
4.96461686506583
4.96461686506583
4.96461686506583
4.96461686506583
4.96461686506583
4.96461686506583
4.96461686506583
4.96461686506583
4.96213162913699
4.96213162913699
4.96213162913699
4.96213162913699
4.96213162913699
4.96213162913699
4.96213162913699
4.96213162913699
4.96213162913699
4.96213162913699
4.96213162913699
4.96213162913699
4.96213162913699
4.96213162913699
4.96213162913699
4.95925629768402
4.95925629768402
4.95925629768402
4.95925629768402
4.96110314710541
4.96110314710541
4.96110314710541
4.96110314710541
4.96208378076045
4.96328117526131
4.96328117526131
4.96328117526131
4.96328117526131
4.96328117526131
4.96328117526131
4.96328117526131
4.96630465044781
4.96630465044781
4.96630465044781
4.96884402128804
4.96884402128804
4.96884402128804
4.9719230029487
4.9719230029487
4.9719230029487
4.9719230029487
4.9719230029487
4.9719230029487
4.9719230029487
4.9719230029487
4.9719230029487
4.9719230029487
4.9719230029487
4.9719230029487
4.9719230029487
4.9719230029487
4.9719230029487
4.9719230029487
4.9719230029487
4.9719230029487
4.9719230029487
4.9719230029487
4.9719230029487
4.9719230029487
4.9719230029487
4.9719230029487
4.9719230029487
4.9719230029487
4.9719230029487
4.9719230029487
4.9719230029487
4.9719230029487
4.96867663738882
4.96803200656184
4.96803200656184
4.96803200656184
4.96803200656184
4.96803200656184
4.96527644093746
4.96527644093746
4.96527644093746
4.96527644093746
4.96527644093746
4.96527644093746
4.96270429317658
4.96270429317658
4.96270429317658
4.96270429317658
4.96270429317658
4.96270429317658
4.96270429317658
4.95999274481526
4.95999274481526
4.95999274481526
4.95792847621038
4.95792847621038
4.95670056190594
4.95600354187051
4.95600354187051
4.95600354187051
4.95600354187051
4.95402870124083
4.95356013136762
4.95313083349497
4.95313083349497
4.95313083349497
4.95313083349497
4.95313083349497
4.95313083349497
4.95313083349497
4.95313083349497
4.95313083349497
4.95313083349497
4.95610391725258
4.95610391725258
4.95610391725258
4.95857786194784
4.95857786194784
4.95857786194784
4.95857786194784
4.95857786194784
4.96259520937446
4.96441680916248
4.96441680916248
4.96441680916248
4.96441680916248
4.96441680916248
4.96441680916248
4.96441680916248
4.96441680916248
4.96441680916248
4.96441680916248
4.96690226642811
4.96690226642811
4.96690226642811
4.96473257886135
4.96717020307639
4.96839114429005
4.95955504739415
4.94994052796956
4.93687413077236
4.92491487630262
4.91313897790295
4.87213574277179
4.87063455914609
4.87056265987053
4.87056265987053
4.87056265987053
4.87056265987053
4.87056265987053
4.87056265987053
4.87056265987053
4.87056265987053
4.87056265987053
4.87056265987053
4.87056265987053
4.86420171743144
4.86420171743144
4.8619482120394
4.8619482120394
4.8609037054563
4.86327308195384
4.85920110190469
4.85538688925427
4.85538688925427
4.85538688925427
4.85538688925427
4.85538688925427
4.85538688925427
4.85538688925427
4.85783805431939
4.85783805431939
4.85783805431939
4.85783805431939
4.85783805431939
4.85783805431939
4.85783805431939
4.85783805431939
4.85783805431939
4.85783805431939
4.85783805431939
4.85783805431939
4.85783805431939
4.85783805431939
4.85783805431939
4.85783805431939
4.86081244708186
4.86081244708186
4.86081244708186
4.86081244708186
4.86081244708186
4.86081244708186
4.86081244708186
4.86081244708186
4.86081244708186
4.86081244708186
4.86081244708186
4.86081244708186
4.86081244708186
4.84599143607885
4.84366245676493
4.83034101824251
4.83034101824251
4.83139128312882
4.83097656494136
4.83097656494136
4.83097656494136
4.83097656494136
4.83097656494136
4.83097656494136
4.8262300195303
4.8262300195303
4.8096233440301
4.80707342431017
4.80371298052436
4.80371298052436
4.79979694708026
4.78358097056992
4.78358097056992
4.78358097056992
4.76504640344282
4.75777557740099
4.75577451098668
4.75427315845216
4.75185894400092
4.75185894400092
4.75185894400092
4.75185894400092
4.75185894400092
4.74941533350045
4.74941533350045
4.74941533350045
4.74941533350045
4.74362051275778
4.72300019179174
4.71355787595495
4.71355787595495
4.71218662363064
4.68155812997103
4.56302994959439
4.55043886279099
4.55043886279099
4.55043886279099
4.55043886279099
4.55043886279099
4.55043886279099
4.55043886279099
4.55043886279099
4.55043886279099
4.55043886279099
4.55043886279099
4.55043886279099
4.55043886279099
4.55043886279099
4.55262276312571
4.55262276312571
4.55262276312571
4.55262276312571
4.55398439410764
4.55398439410764
4.55511305207523
4.55574050081054
4.55648697387016
4.55714935296961
4.55791764547951
4.55861570785781
4.55928319595241
4.55995474346992
4.56067676989182
4.56161855469703
4.56161855469703
4.56161855469703
4.56161855469703
4.56161855469703
4.56161855469703
4.56426427716823
4.56426427716823
4.56568012908353
4.56656456966629
4.56721623923089
4.56721623923089
4.56846209192483
4.56909158925404
4.5698254593501
4.5705385739016
4.5715135351264
4.5715135351264
4.57283010092561
4.57283010092561
4.57439828127895
4.57563857284062
4.5763596985438
4.57722261328273
4.57838321552473
4.57951384871495
4.58044593973695
4.5813547340663
4.58224581650513
4.58323248592349
4.58425566221949
4.58528369796668
4.58632796662645
4.58725091268043
4.58834225376193
4.58938027080515
4.59043189251127
4.5913696638667
4.59249718451119
4.59357964423894
4.59497926827884
4.59611175523197
4.59725929590489
4.59855303177021
4.5998456570405
4.60120393828989
4.60228912306357
4.60326231184821
4.60429118266082
4.605164561491
4.60608108922059
4.60699136281709
4.60780307957327
4.60881712185052
4.60984226543136
4.6108988729852
4.61213054284695
4.61309848612559
4.61406505171822
4.61509988661658
4.61623055186493
4.6175743027332
4.6188153104239
4.62008393920479
4.62108382246225
4.62108382246225
4.62108382246225
4.62108382246225
4.62360312736937
4.62360312736937
4.62360312736937
4.62360312736937
4.62360312736937
4.62360312736937
4.62360312736937
4.62360312736937
4.62360312736937
4.62360312736937
4.62360312736937
4.62360312736937
4.62360312736937
4.62360312736937
4.62360312736937
4.62360312736937
4.62360312736937
4.62360312736937
4.62360312736937
4.62360312736937
4.62360312736937
4.62360312736937
4.62360312736937
4.62360312736937
4.62360312736937
4.62360312736937
4.62360312736937
4.62360312736937
4.62360312736937
4.62360312736937
4.62360312736937
4.62360312736937
4.62360312736937
4.62360312736937
4.62360312736937
4.62360312736937
4.62360312736937
4.62360312736937
4.62360312736937
4.62360312736937
4.62360312736937
4.62360312736937
4.62360312736937
4.62360312736937
4.62360312736937
4.62360312736937
4.62360312736937
4.62360312736937
4.62360312736937
4.62360312736937
4.62360312736937
4.62360312736937
4.62360312736937
4.62360312736937
4.62360312736937
4.62360312736937
4.62360312736937
4.62360312736937
4.62360312736937
4.62360312736937
4.62360312736937
4.62360312736937
4.62360312736937
4.62360312736937
4.62360312736937
4.62597715713895
4.62597715713895
4.62597715713895
4.62597715713895
4.62597715713895
4.62597715713895
4.62597715713895
4.62597715713895
4.62597715713895
4.62597715713895
4.62597715713895
4.62597715713895
4.62597715713895
4.62597715713895
4.62597715713895
4.62597715713895
4.62597715713895
4.62597715713895
4.62597715713895
4.62597715713895
4.62597715713895
4.62597715713895
4.62597715713895
4.62597715713895
4.62840332109016
4.62840332109016
4.62840332109016
4.62840332109016
4.62840332109016
4.62840332109016
4.62840332109016
4.62840332109016
4.62840332109016
4.62840332109016
4.62840332109016
4.62840332109016
4.62840332109016
4.62840332109016
4.62840332109016
4.62840332109016
4.62840332109016
4.62840332109016
4.62840332109016
4.62840332109016
4.62840332109016
4.62840332109016
4.62840332109016
4.62840332109016
4.62840332109016
4.62840332109016
4.62840332109016
4.62840332109016
4.62840332109016
4.62840332109016
4.62840332109016
4.62840332109016
4.62840332109016
4.62840332109016
4.62840332109016
4.62840332109016
4.62840332109016
4.62840332109016
4.62840332109016
4.62840332109016
4.62840332109016
4.62840332109016
4.62840332109016
4.62840332109016
4.62840332109016
4.62840332109016
4.62840332109016
4.62840332109016
4.62840332109016
4.62840332109016
4.63098481226237
4.63098481226237
4.63098481226237
4.63098481226237
4.63098481226237
4.63098481226237
4.63098481226237
4.63374377045865
4.63374377045865
4.63374377045865
4.63374377045865
4.63374377045865
4.63374377045865
4.63374377045865
4.63374377045865
4.63374377045865
4.63374377045865
4.63374377045865
4.63374377045865
4.63374377045865
4.63374377045865
4.63113673328297
4.62973831069231
4.62973831069231
4.62771407726693
4.62665563615613
4.62550775092179
4.62383387221191
4.62383387221191
4.62383387221191
4.62383387221191
4.62399487464562
4.62399487464562
4.62399487464562
4.62399487464562
4.62399487464562
4.62399487464562
4.62399487464562
4.62399487464562
4.62109341873868
4.62109341873868
4.62109341873868
4.62109341873868
4.61814580160334
4.61814580160334
4.61583782009054
4.61583782009054
4.61359036965152
4.61359036965152
4.61359036965152
4.61359036965152
4.61359036965152
4.61359036965152
4.61359036965152
4.61359036965152
4.61359036965152
4.61359036965152
4.61359036965152
4.61359036965152
4.61359036965152
4.61359036965152
4.61359036965152
4.61359036965152
4.61359036965152
4.61359036965152
4.61359036965152
4.61359036965152
4.61359036965152
4.61359036965152
4.61359036965152
4.61359036965152
4.61359036965152
4.61359036965152
4.61359036965152
4.61359036965152
4.61359036965152
4.61359036965152
4.61359036965152
4.61359036965152
4.61359036965152
4.61359036965152
4.61359036965152
4.61359036965152
4.61359036965152
4.61359036965152
4.61359036965152
4.61359036965152
4.61359036965152
4.61359036965152
4.61359036965152
4.61359036965152
4.61359036965152
4.61359036965152
4.61359036965152
4.61359036965152
4.61359036965152
4.61359036965152
4.61359036965152
4.61359036965152
4.61359036965152
4.61359036965152
4.61359036965152
4.61359036965152
4.61359036965152
4.61359036965152
4.61359036965152
4.61359036965152
4.61359036965152
4.61359036965152
4.61359036965152
4.61359036965152
4.61359036965152
4.61359036965152
4.61359036965152
4.61359036965152
4.61359036965152
4.61359036965152
4.61359036965152
4.61359036965152
4.61359036965152
4.61359036965152
4.61359036965152
4.61141746565152
4.60919972873795
4.60919972873795
4.60919972873795
4.60919972873795
4.60667737148461
4.60667737148461
4.60667737148461
4.60667737148461
4.60667737148461
4.60667737148461
4.60730732381574
4.60843183653364
4.60843183653364
4.60843183653364
4.60453089265633
4.60453089265633
4.60453089265633
4.60453089265633
4.60453089265633
4.60453089265633
4.60217123623862
4.60217123623862
4.60217123623862
4.60217123623862
4.60217123623862
4.60217123623862
4.60217123623862
4.60217123623862
4.60217123623862
4.60217123623862
4.60217123623862
4.60217123623862
4.60217123623862
4.60217123623862
4.60217123623862
4.60217123623862
4.60217123623862
4.60217123623862
4.60217123623862
4.60217123623862
4.60217123623862
4.60217123623862
4.60217123623862
4.60217123623862
4.59895595478817
4.59895595478817
4.59895595478817
4.59895595478817
4.59895595478817
4.59895595478817
4.59895595478817
4.59895595478817
4.59895595478817
4.59895595478817
4.59895595478817
4.59895595478817
4.59895595478817
4.59344761061619
4.59100409104074
4.59100409104074
4.59100409104074
4.59100409104074
4.59100409104074
4.59100409104074
4.59100409104074
4.59100409104074
4.59100409104074
4.59100409104074
4.59100409104074
4.59100409104074
4.59100409104074
4.58844292062339
4.58844292062339
4.58844292062339
4.58844292062339
4.58844292062339
4.58844292062339
4.58844292062339
4.58844292062339
4.58844292062339
4.58844292062339
4.58844292062339
4.58844292062339
4.58844292062339
4.58844292062339
4.58844292062339
4.58844292062339
4.58844292062339
4.58543273092467
4.58543273092467
4.57352925077112
4.56463963050016
4.55552283805346
4.50120254879708
4.43291411507462
4.43173960783993
4.43173960783993
4.43173960783993
4.43173960783993
4.42873205506656
4.42674625316416
4.42517099504901
4.42517099504901
4.42517099504901
4.42517099504901
4.42517099504901
4.42203903783114
4.42075111857375
4.41875470397413
4.41676228596475
4.41457350932689
4.41246573685803
4.41246573685803
4.41018512857156
4.41018512857156
4.40781161200435
4.40666229525327
4.40666229525327
4.40666229525327
4.40666229525327
4.40666229525327
4.40666229525327
4.40666229525327
4.40666229525327
4.40666229525327
4.40666229525327
4.40666229525327
4.40666229525327
4.40666229525327
4.40666229525327
4.40666229525327
4.40666229525327
4.40666229525327
4.40666229525327
4.40666229525327
4.40666229525327
4.40666229525327
4.40666229525327
4.40666229525327
4.40666229525327
4.40666229525327
4.40666229525327
4.40666229525327
4.40666229525327
4.40666229525327
4.40666229525327
4.40666229525327
4.40666229525327
4.40666229525327
4.40666229525327
4.40666229525327
4.40666229525327
4.40666229525327
4.40666229525327
4.40666229525327
4.40666229525327
4.40666229525327
4.40666229525327
4.40666229525327
4.40666229525327
4.40666229525327
4.40666229525327
4.40666229525327
4.40666229525327
4.40666229525327
4.40666229525327
4.40666229525327
4.40666229525327
4.40666229525327
4.40666229525327
4.40666229525327
4.40666229525327
4.40666229525327
4.40666229525327
4.40666229525327
4.40666229525327
4.40666229525327
4.40433919551511
4.3966867841942
4.38824172846684
4.38016883902077
4.38016883902077
4.38016883902077
4.38016883902077
4.38016883902077
4.38016883902077
4.37763191050114
4.37763191050114
4.37763191050114
4.37763191050114
4.37763191050114
4.36819655769596
4.36819655769596
4.31894329548638
4.31686295363567
4.31461087613624
4.31184526144756
4.30959076327356
4.30751165487247
4.30522557405713
4.30350332453897
4.30350332453897
4.30350332453897
4.30350332453897
4.30350332453897
4.30350332453897
4.30350332453897
4.30350332453897
4.30350332453897
4.30350332453897
4.30350332453897
4.30350332453897
4.30350332453897
4.30350332453897
4.30350332453897
4.30350332453897
4.30350332453897
4.30350332453897
4.30350332453897
4.30350332453897
4.30350332453897
4.30350332453897
4.30350332453897
4.30350332453897
4.30350332453897
4.30350332453897
4.30350332453897
4.30350332453897
4.30350332453897
4.30350332453897
4.30350332453897
4.30350332453897
4.30350332453897
4.30350332453897
4.30350332453897
4.30350332453897
4.30350332453897
4.30350332453897
4.30350332453897
4.30350332453897
4.30350332453897
4.30350332453897
4.30350332453897
4.30350332453897
4.30350332453897
4.30350332453897
4.30350332453897
4.30350332453897
4.30350332453897
4.30350332453897
4.30350332453897
4.30350332453897
4.30350332453897
4.30350332453897
4.30350332453897
4.30350332453897
4.30350332453897
4.30350332453897
4.30350332453897
4.30350332453897
4.30350332453897
4.30350332453897
4.30350332453897
4.30350332453897
4.30350332453897
4.30350332453897
4.30350332453897
4.30125883981456
4.30125883981456
4.30125883981456
4.30125883981456
4.30125883981456
4.30125883981456
4.30125883981456
4.30125883981456
4.30125883981456
4.30125883981456
4.30125883981456
4.30125883981456
4.30125883981456
4.30125883981456
4.30125883981456
4.30125883981456
4.30125883981456
4.30125883981456
4.30125883981456
4.30125883981456
4.29842882977261
4.29709262037945
4.29582467186588
4.294445812714
4.294445812714
4.294445812714
4.29179822822102
4.29008810092195
4.28892192718986
4.28892192718986
4.28892192718986
4.28892192718986
4.28892192718986
4.28670651709192
4.28670651709192
4.28670651709192
4.28670651709192
4.28422025318428
4.28422025318428
4.28422025318428
4.28422025318428
4.28422025318428
4.28422025318428
4.28419510125303
4.28466644739512
4.28492082066144
4.28492082066144
4.28492082066144
4.28492082066144
4.28492082066144
4.28492082066144
4.28492628123695
4.28475733325594
4.28475733325594
4.28434417698622
4.28434417698622
4.28434417698622
4.28434417698622
4.28434417698622
4.28434417698622
4.28434417698622
4.28434417698622
4.28434417698622
4.28434417698622
4.28434417698622
4.28434417698622
4.28289896956825
4.28304191035554
4.28304191035554
4.28304191035554
4.28304191035554
4.28304191035554
4.28304191035554
4.28304191035554
4.28304191035554
4.28304191035554
4.28304191035554
4.28304191035554
4.28304191035554
4.28304191035554
4.28304191035554
4.28304191035554
4.28304191035554
4.28304191035554
4.28304191035554
4.28304191035554
4.28304191035554
4.28304191035554
4.28304191035554
4.28304191035554
4.28304191035554
4.28304191035554
4.28304191035554
4.28304191035554
4.28069869207453
4.28069869207453
4.28069869207453
4.28069869207453
4.28069869207453
4.28069869207453
4.28069869207453
4.28069869207453
4.28069869207453
4.28069869207453
4.28069869207453
4.28069869207453
4.28069869207453
4.28069869207453
4.28069869207453
4.28069869207453
4.28069869207453
4.28069869207453
4.27963837415999
4.27963837415999
4.27963837415999
4.27963837415999
4.27963837415999
4.27963837415999
4.27963837415999
4.27963837415999
4.27963837415999
4.27963837415999
4.27963837415999
4.27963837415999
4.27963837415999
4.27963837415999
4.27963837415999
4.27963837415999
4.27963837415999
4.27963837415999
4.27963837415999
4.27963837415999
4.27963837415999
4.27963837415999
4.27963837415999
4.27963837415999
4.27963837415999
4.27963837415999
4.27963837415999
4.27963837415999
4.27963837415999
4.27963837415999
4.27963837415999
4.27963837415999
4.27963837415999
4.27963837415999
4.27963837415999
4.27963837415999
4.2793531423925
4.2793531423925
4.2793531423925
4.2793531423925
4.2793531423925
4.2793531423925
4.2793531423925
4.2793531423925
4.2793531423925
4.2793531423925
4.2793531423925
4.2793531423925
4.2793531423925
4.2793531423925
4.2793531423925
4.2793531423925
4.2793531423925
4.2793531423925
4.27706247584368
4.27706247584368
4.27706247584368
4.27739308554835
4.27739308554835
4.27739308554835
4.27739308554835
4.27739308554835
4.27739308554835
4.27739308554835
4.27739308554835
4.27739308554835
4.27739308554835
4.27739308554835
4.27739308554835
4.27739308554835
4.27739308554835
4.27739308554835
4.27739308554835
4.27739308554835
4.27739308554835
4.27739308554835
4.27739308554835
4.27739308554835
4.27739308554835
4.27739308554835
4.27739308554835
4.27739308554835
4.27739308554835
4.27739308554835
4.27739308554835
4.27739308554835
4.27739308554835
4.27739308554835
4.27739308554835
4.27739308554835
4.27739308554835
4.27739308554835
4.27739308554835
4.27739308554835
4.27739308554835
4.27739308554835
4.27739308554835
4.27739308554835
4.27739308554835
4.27739308554835
4.27739308554835
4.27739308554835
4.27739308554835
4.27739308554835
4.27739308554835
4.27739308554835
4.27739308554835
4.35714852786737
4.38506077751057
4.42927801898627
4.45167171052413
4.45414414215942
4.46297728003805
4.51253639517165
4.54274509244897
4.54274509244897
4.54321134681016
4.54575048307105
4.54932040858897
4.55653377457224
4.55424965630399
4.55424965630399
4.55424965630399
4.55424965630399
4.554278419285
4.554278419285
4.554278419285
4.554278419285
4.554278419285
4.554278419285
4.554278419285
4.554278419285
4.554278419285
4.554278419285
4.554278419285
4.554278419285
4.554278419285
4.554278419285
4.554278419285
4.554278419285
4.554278419285
4.554278419285
4.554278419285
4.554278419285
4.554278419285
4.554278419285
4.554278419285
4.554278419285
4.554278419285
4.554278419285
4.554278419285
4.554278419285
4.554278419285
4.554278419285
4.554278419285
4.554278419285
4.554278419285
4.554278419285
4.554278419285
4.554278419285
4.554278419285
4.554278419285
4.554278419285
4.554278419285
4.554278419285
4.554278419285
4.554278419285
4.554278419285
4.554278419285
4.554278419285
4.554278419285
4.554278419285
4.554278419285
4.554278419285
4.554278419285
4.554278419285
4.554278419285
4.554278419285
4.554278419285
4.554278419285
4.554278419285
4.554278419285
4.554278419285
4.554278419285
4.554278419285
4.554278419285
4.554278419285
4.554278419285
4.554278419285
4.554278419285
4.554278419285
4.554278419285
4.554278419285
4.554278419285
4.554278419285
4.554278419285
4.5515016237899
4.5515016237899
4.5515016237899
4.54874939277326
4.54874939277326
4.54874939277326
4.54616748130931
4.54616748130931
4.54394944695154
4.54394944695154
4.54394944695154
4.54394944695154
4.54394944695154
4.54394944695154
4.53969447264459
4.53726262662695
4.53726262662695
4.53726262662695
4.53473401764262
4.53473401764262
4.53473401764262
4.53473401764262
4.53473401764262
4.53473401764262
4.53473401764262
4.53473401764262
4.53473401764262
4.53473401764262
4.53473401764262
4.53473401764262
4.53473401764262
4.53473401764262
4.53473401764262
4.53473401764262
4.53473401764262
4.53473401764262
4.53473401764262
4.53473401764262
4.53473401764262
4.53473401764262
4.53473401764262
4.53473401764262
4.53473401764262
4.53473401764262
4.53473401764262
4.53473401764262
4.53473401764262
4.53473401764262
4.53473401764262
4.53473401764262
4.53473401764262
4.53473401764262
4.53473401764262
4.53473401764262
4.53473401764262
4.53473401764262
4.53202288921721
4.53202288921721
4.53202288921721
4.53202288921721
4.53202288921721
4.53202288921721
4.53202288921721
4.53202288921721
4.53202288921721
4.53202288921721
4.53202288921721
4.53202288921721
4.53202288921721
4.53202288921721
4.53202288921721
4.53202288921721
4.53202288921721
4.53202288921721
4.53202288921721
4.52960136821626
4.52960136821626
4.52960136821626
4.52960136821626
4.52960136821626
4.52960136821626
4.52960136821626
4.52960136821626
4.52960136821626
4.52960136821626
4.52960136821626
4.52960136821626
4.52960136821626
4.52960136821626
4.52657055717739
4.52657055717739
4.52438026824745
4.52438026824745
4.52438026824745
4.52438026824745
4.52438026824745
4.52438026824745
4.52438026824745
4.52438026824745
4.52438026824745
4.52438026824745
4.52438026824745
4.52438026824745
4.52224602695096
4.52224602695096
4.52224602695096
4.52224602695096
4.52224602695096
4.52150260959023
4.51978132026737
4.51806375708951
4.51806375708951
4.51541877742481
4.51541877742481
4.51541877742481
4.51541877742481
4.51281162687894
4.51281162687894
4.51281162687894
4.51281162687894
4.51281162687894
4.51281162687894
4.51281162687894
4.51281162687894
4.51281162687894
4.51268337054055
4.51110453236744
4.4428474156535
4.31802147354427
4.25292681433046
4.20703029749874
4.1655997958248
4.1655997958248
4.1655997958248
4.1655997958248
4.1655997958248
4.1655997958248
4.1655997958248
4.1655997958248
4.1655997958248
4.1655997958248
4.1655997958248
4.1655997958248
4.1655997958248
4.1655997958248
4.1655997958248
4.1655997958248
4.1655997958248
4.1655997958248
4.1655997958248
4.1655997958248
4.1655997958248
4.1655997958248
4.1655997958248
4.1655997958248
4.1655997958248
4.1655997958248
4.1655997958248
4.1655997958248
4.1655997958248
4.1655997958248
4.1655997958248
4.1655997958248
4.1655997958248
4.1655997958248
4.15676252662531
4.15676252662531
4.15676252662531
4.15676252662531
4.15676252662531
4.15720160946546
4.15755781115857
4.15779539859371
4.15779539859371
4.15779539859371
4.15779539859371
4.15937125974109
4.15937125974109
4.15937125974109
4.15937125974109
4.15937125974109
4.15937125974109
4.15937125974109
4.15937125974109
4.15937125974109
4.15937125974109
4.15937125974109
4.16004357967178
4.16004357967178
4.16004357967178
4.16004357967178
4.16004357967178
4.16004357967178
4.16004357967178
4.15703761783618
4.15703761783618
4.15703761783618
4.15703761783618
4.15703761783618
4.15703761783618
4.15703761783618
4.15703761783618
4.15703761783618
4.15703761783618
4.15509472373959
4.15509472373959
4.1535914608565
4.15180484199782
4.15026512023419
4.14874276093477
4.14874276093477
4.14874276093477
4.14874276093477
4.14874276093477
4.14772590696738
4.1466214757727
4.1466214757727
4.1466214757727
4.1466214757727
4.1466214757727
4.1466214757727
4.1466214757727
4.1466214757727
4.1466214757727
4.1466214757727
4.1466214757727
4.1466214757727
4.1466214757727
4.1466214757727
4.1466214757727
4.1466214757727
4.1466214757727
4.1466214757727
4.1466214757727
4.1466214757727
4.1466214757727
4.1466214757727
4.1466214757727
4.1466214757727
4.1466214757727
4.1466214757727
4.1466214757727
4.1466214757727
4.1466214757727
4.1466214757727
4.1466214757727
4.14731083522997
4.14732860071164
4.14732860071164
4.14732860071164
4.14732860071164
4.14732860071164
4.14732860071164
4.14732860071164
4.14732860071164
4.14732860071164
4.15479402720281
4.15500209532091
4.15561323516958
4.15561323516958
4.15853766052662
4.15980250181774
4.16183890300764
4.16445819738737
4.16542408873912
4.16542408873912
4.16542408873912
4.16542408873912
4.16542408873912
4.16542408873912
4.16542408873912
4.16542408873912
4.16584956074261
4.16599612910541
4.16596626295866
4.16582603007291
4.16582603007291
4.16582603007291
4.16582603007291
4.16582603007291
4.16582603007291
4.16582603007291
4.16582603007291
4.16582603007291
4.16582603007291
4.16330313994335
4.16330313994335
4.16330313994335
4.16082405548392
4.16082405548392
4.16082405548392
4.16082405548392
4.15888832474176
4.15888832474176
4.15888832474176
4.15888832474176
4.15888832474176
4.15888832474176
4.15888832474176
4.15520337265705
4.15265373853682
4.15265373853682
4.15265373853682
4.15265373853682
4.15065644151079
4.15065644151079
4.15065644151079
4.15065644151079
4.15065644151079
4.14819005351979
4.14819005351979
4.14819005351979
4.14819005351979
4.14819005351979
4.145687618468
4.23505094716087
4.26203226068763
4.2645937214865
4.26871854984956
4.26871854984956
4.26871854984956
4.26914705417675
4.27849021375176
4.33908586236938
4.3703182771105
4.3703182771105
4.37098866604299
4.37098866604299
4.37098866604299
4.37098866604299
4.37098866604299
4.371536131071
4.44100154632583
4.44863157547351
4.44863157547351
4.44863157547351
4.44863157547351
4.44884496352668
4.44976898677418
4.44976898677418
4.48390492698581
4.494782932465
4.50310435586854
4.50310435586854
4.50310435586854
4.50310435586854
4.50310435586854
4.50310435586854
4.50599732074146
4.50599732074146
4.50599732074146
4.50599732074146
4.52640522116276
4.59137945075199
4.60004270598114
4.60004270598114
4.60004270598114
4.60004270598114
4.60004270598114
4.60004270598114
4.60004270598114
4.60004270598114
4.60004270598114
4.61667590618374
4.63453776807922
4.64195041587617
4.64957094042919
4.65179985145222
4.65308757769916
4.66076397843304
4.66225975371199
4.66225975371199
4.66225975371199
4.66225975371199
4.66225975371199
4.66225975371199
4.66225975371199
4.66225975371199
4.66225975371199
4.66225975371199
4.66225975371199
4.66225975371199
4.6385484554041
4.6385484554041
4.63619427942885
4.63431858418911
4.63431858418911
4.63431858418911
4.63431858418911
4.63431858418911
4.63431858418911
4.63431858418911
4.63431858418911
4.63213112324156
4.63213112324156
4.63213112324156
4.63213112324156
4.63213112324156
4.63213112324156
4.6295782827176
4.6295782827176
4.6295782827176
4.6295782827176
4.6295782827176
4.6295782827176
4.62708968049557
4.62708968049557
4.62708968049557
4.62708968049557
4.62708968049557
4.62708968049557
4.62708968049557
4.62708968049557
4.62708968049557
4.62708968049557
4.62708968049557
4.62708968049557
4.62708968049557
4.62708968049557
4.62708968049557
4.62708968049557
4.62708968049557
4.62708968049557
4.62708968049557
4.62708968049557
4.62708968049557
4.62708968049557
4.62708968049557
4.62708968049557
4.62708968049557
4.62708968049557
4.62708968049557
4.62708968049557
4.62708968049557
4.62708968049557
4.62963803647122
4.62963803647122
4.62963803647122
4.62963803647122
4.62963803647122
4.62963803647122
4.62963803647122
4.62963803647122
4.62963803647122
4.62963803647122
4.62963803647122
4.62963803647122
4.62963803647122
4.62963803647122
4.62963803647122
4.63216607000682
4.63216607000682
4.63216607000682
4.63216607000682
4.63216607000682
4.63216607000682
4.63216607000682
4.63216607000682
4.63216607000682
4.63216607000682
4.63216607000682
4.63216607000682
4.63216607000682
4.63216607000682
4.63216607000682
4.63216607000682
4.63216607000682
4.63216607000682
4.63216607000682
4.63216607000682
4.63216607000682
4.63216607000682
4.63216607000682
4.63216607000682
4.63216607000682
4.63216607000682
4.63216607000682
4.63216607000682
4.63216607000682
4.63457433524765
4.63457433524765
4.63457433524765
4.63457433524765
4.63457433524765
4.63457433524765
4.63457433524765
4.63457433524765
4.63457433524765
4.63457433524765
4.63457433524765
4.63457433524765
4.63457433524765
4.63457433524765
4.63457433524765
4.63457433524765
4.63457433524765
4.63457433524765
4.63457433524765
4.63457433524765
4.63457433524765
4.63457433524765
4.63702951063966
4.63702951063966
4.63702951063966
4.63702951063966
4.63702951063966
4.63702951063966
4.63702951063966
4.63702951063966
4.63702951063966
4.63702951063966
4.63702951063966
4.63702951063966
4.63702951063966
4.63702951063966
4.63702951063966
4.63702951063966
4.63702951063966
4.63702951063966
4.63702951063966
4.63702951063966
4.63702951063966
4.63702951063966
4.63702951063966
4.63702951063966
4.63932726479298
4.63932726479298
4.63932726479298
4.63932726479298
4.63932726479298
4.63932726479298
4.63932726479298
4.63932726479298
4.63932726479298
4.63932726479298
4.63932726479298
4.63932726479298
4.63932726479298
4.64192262221921
4.64192262221921
4.64192262221921
4.64192262221921
4.64192262221921
4.64192262221921
4.64192262221921
4.64192262221921
4.64192262221921
4.64192262221921
4.64192262221921
4.64192262221921
4.64192262221921
4.64192262221921
4.64192262221921
4.64423381860976
4.64423381860976
4.64423381860976
4.64423381860976
4.64423381860976
4.64423381860976
4.64423381860976
4.64423381860976
4.64423381860976
4.64423381860976
4.64423381860976
4.64678754266358
4.64678754266358
4.64678754266358
4.64678754266358
4.64678754266358
4.64678754266358
4.64920522119638
4.64920522119638
4.64920522119638
4.64920522119638
4.64920522119638
4.64920522119638
4.64920522119638
4.65156188541411
4.65156188541411
4.65156188541411
4.65156188541411
4.65156188541411
4.65156188541411
4.65156188541411
4.65156188541411
4.65156188541411
4.65390996629748
4.65390996629748
4.65390996629748
4.65390996629748
4.65390996629748
4.65390996629748
4.65390996629748
4.65390996629748
4.65390996629748
4.65390996629748
4.65390996629748
4.65390996629748
4.65654616493563
4.65654616493563
4.65654616493563
4.65654616493563
4.65654616493563
4.65654616493563
4.65654616493563
4.65654616493563
4.65654616493563
4.65654616493563
4.65654616493563
4.65654616493563
4.65654616493563
4.65654616493563
4.65654616493563
4.65908366324607
4.65908366324607
4.65908366324607
4.65908366324607
4.65908366324607
4.65908366324607
4.65908366324607
4.66170488264862
4.66170488264862
4.66170488264862
4.66170488264862
4.66170488264862
4.66170488264862
4.66170488264862
4.66170488264862
4.66170488264862
4.66170488264862
4.66170488264862
4.66170488264862
4.66418900696707
4.66418900696707
4.66418900696707
4.66418900696707
4.66418900696707
4.66418900696707
4.66418900696707
4.66418900696707
4.66418900696707
4.66418900696707
4.66418900696707
4.66418900696707
4.66418900696707
4.66418900696707
4.66418900696707
4.66688488018634
4.66688488018634
4.66688488018634
4.66688488018634
4.66688488018634
4.66688488018634
4.66688488018634
4.66688488018634
4.66688488018634
4.66688488018634
4.66927736911246
4.66969070556754
4.67001973899347
4.67011393286363
4.66997111885307
4.66997111885307
4.66997111885307
4.66997111885307
4.66997111885307
4.66787964331261
4.66787964331261
4.66787964331261
4.66787964331261
4.66787964331261
4.66787964331261
4.66787964331261
4.66787964331261
4.66513947202168
4.66513947202168
4.66513947202168
4.66282372861924
4.66282372861924
4.66282372861924
4.66056485794182
4.66056485794182
4.66056485794182
4.6576249827476
4.65591158016164
4.65425759204085
4.65266605641424
4.65128076208197
4.65009507733321
4.64821435382794
4.64679771981649
4.64552622713369
4.64552622713369
4.64552622713369
4.64552622713369
4.64552622713369
4.64552622713369
4.64552622713369
4.64552622713369
4.64552622713369
4.64552622713369
4.64552622713369
4.64552622713369
4.64552622713369
4.64552622713369
4.64552622713369
4.64552622713369
4.64552622713369
4.64552622713369
4.64552622713369
4.64552622713369
4.64552622713369
4.64552622713369
4.64552622713369
4.648075439664
4.648075439664
4.648075439664
4.648075439664
4.648075439664
4.648075439664
4.648075439664
4.648075439664
4.648075439664
4.648075439664
4.648075439664
4.648075439664
4.648075439664
4.648075439664
4.648075439664
4.648075439664
4.6965878699046
4.71540165530708
4.71540165530708
4.71792628479288
4.7181367912541
4.72268579162765
4.7228670803938
4.72331146741853
4.72331146741853
4.75063089435465
4.7815712031178
4.80386179383262
4.81782177368733
4.81935188770968
4.82316744127346
4.82367865842272
4.82367865842272
4.82367865842272
4.82367865842272
4.82367865842272
4.82367865842272
4.82367865842272
4.82367865842272
4.82367865842272
4.82367865842272
4.82367865842272
4.82367865842272
4.82367865842272
4.82367865842272
4.82367865842272
4.82166355100925
4.82166355100925
4.82166355100925
4.82166355100925
4.8185325744782
4.81693139611345
4.81693139611345
4.81693139611345
4.81693139611345
4.81693139611345
4.81693139611345
4.81693139611345
4.81693139611345
4.81693139611345
4.81693139611345
4.81398138508962
4.81094959379921
4.80946912152304
4.80946912152304
4.80946912152304
4.80946912152304
4.80946912152304
4.80946912152304
4.80946912152304
4.81209135599832
4.81209135599832
4.81209135599832
4.81209135599832
4.81209135599832
4.81209135599832
4.81209135599832
4.81209135599832
4.81209135599832
4.81209135599832
4.81209135599832
4.81209135599832
4.81209135599832
4.81209135599832
4.81209135599832
4.81209135599832
4.81209135599832
4.81209135599832
4.81209135599832
4.81209135599832
4.81209135599832
4.81209135599832
4.81209135599832
4.81209135599832
4.81209135599832
4.81209135599832
4.81209135599832
4.81137775508068
4.81167707308802
4.81167707308802
4.81167707308802
4.81167707308802
4.81167707308802
4.81167707308802
4.81167707308802
4.81167707308802
4.81167707308802
4.81167707308802
4.81167707308802
4.81167707308802
4.81167707308802
4.81167707308802
4.81167707308802
4.81167707308802
4.81167707308802
4.81167707308802
4.81167707308802
4.81167707308802
4.81167707308802
4.81428063917409
4.81428063917409
4.81428063917409
4.81428063917409
4.81428063917409
4.81428063917409
4.81428063917409
4.81428063917409
4.81428063917409
4.81428063917409
4.81428063917409
4.81428063917409
4.81428063917409
4.81428063917409
4.81428063917409
4.94066623523333
5.0132486182714
5.15972642640709
5.45434353878045
5.71677829502002
5.71677829502002
5.71677829502002
5.72436035219574
5.72436035219574
5.73305797096353
5.73788853130691
5.74131206948329
5.74780964799775
5.74780964799775
5.74780964799775
5.74780964799775
5.74780964799775
5.74780964799775
5.74780964799775
5.74780964799775
5.74780964799775
5.74780964799775
5.74454906984926
5.74296462786596
5.74296462786596
5.74296462786596
5.74003119712168
5.74003119712168
5.74003119712168
5.74003119712168
5.73696325899436
5.73696325899436
5.73696325899436
5.73696325899436
5.73374481037334
5.73374481037334
5.73374481037334
5.73055841835471
5.73055841835471
5.73055841835471
5.73055841835471
5.72783808144606
5.72783808144606
5.72783808144606
5.72783808144606
5.72783808144606
5.72783808144606
5.72783808144606
5.72783808144606
5.72783808144606
5.72783808144606
5.72783808144606
5.72783808144606
5.72783808144606
5.72783808144606
5.72783808144606
5.72783808144606
5.72783808144606
5.72783808144606
5.72783808144606
5.72783808144606
5.72783808144606
5.72783808144606
5.72783808144606
5.72783808144606
5.72783808144606
5.72783808144606
5.72783808144606
5.72783808144606
5.73115328615411
5.73115328615411
5.73115328615411
5.73115328615411
5.73115328615411
5.73115328615411
5.73115328615411
5.73115328615411
5.73115328615411
5.73115328615411
5.73115328615411
5.73115328615411
5.73115328615411
5.73115328615411
5.73115328615411
5.73420278019449
5.73420278019449
5.73420278019449
5.73420278019449
5.73420278019449
5.73420278019449
5.73420278019449
5.73420278019449
5.73420278019449
5.73420278019449
5.73420278019449
5.73420278019449
5.73420278019449
5.73420278019449
5.73420278019449
5.73420278019449
5.73420278019449
5.73657816539969
5.73657816539969
5.73657816539969
5.73657816539969
5.73387602688256
5.73387602688256
5.73387602688256
5.7305589245867
5.7305589245867
5.7305589245867
5.7305589245867
5.7305589245867
5.7305589245867
5.72744763635046
5.72744763635046
5.72744763635046
5.72406246500464
5.72406246500464
5.72406246500464
5.72406246500464
5.72113425819871
5.71769610918073
5.71769610918073
5.71769610918073
5.71429902883951
5.71429902883951
5.71429902883951
5.71128425492878
5.71128425492878
5.71128425492878
5.70773034521605
5.70773034521605
5.70773034521605
5.70390563268288
5.70200836695237
5.70031819236238
5.69949761985836
5.69914599783074
5.69914599783074
5.69914599783074
5.69914599783074
5.69914599783074
5.69914599783074
5.69914599783074
5.69914599783074
5.69914599783074
5.69914599783074
5.69914599783074
5.69914599783074
5.69914599783074
5.69914599783074
5.69914599783074
5.69914599783074
5.69914599783074
5.69914599783074
5.69914599783074
5.69914599783074
5.69914599783074
5.70236998708403
5.70236998708403
5.70236998708403
5.70236998708403
5.70236998708403
5.70236998708403
5.70236998708403
5.70236998708403
5.70236998708403
5.70236998708403
5.70541331893671
5.70541331893671
5.70541331893671
5.70541331893671
5.70541331893671
5.70541331893671
5.70541331893671
5.70541331893671
5.70541331893671
5.70541331893671
5.70541331893671
5.70541331893671
5.70835620801053
5.70835620801053
5.70835620801053
5.70835620801053
5.70835620801053
5.70835620801053
5.70835620801053
5.70835620801053
5.70835620801053
5.70835620801053
5.70835620801053
5.70835620801053
5.70835620801053
5.70835620801053
5.70835620801053
5.70835620801053
5.70835620801053
5.70835620801053
5.70835620801053
5.70835620801053
5.70835620801053
5.70835620801053
5.70835620801053
5.70670760420849
5.70486684624828
5.70486684624828
5.70486684624828
5.70486684624828
5.70162494946407
5.70162494946407
5.70162494946407
5.70162494946407
5.70162494946407
5.69857414901476
5.69857414901476
5.69857414901476
5.69857414901476
5.6957994991657
5.6957994991657
5.6957994991657
5.6957994991657
5.6957994991657
5.69325641509196
5.69325641509196
5.69325641509196
5.69325641509196
5.69325641509196
5.69325641509196
5.69325641509196
5.69325641509196
5.69325641509196
5.69325641509196
5.69325641509196
5.69325641509196
5.69325641509196
5.69325641509196
5.69325641509196
5.69325641509196
5.6929204810988
5.69249542945031
5.69249542945031
5.69249542945031
5.69249542945031
5.69249542945031
5.69249542945031
5.69249542945031
5.69249542945031
5.69249542945031
5.69249542945031
5.69249542945031
5.69249542945031
5.68947801420518
5.68898490446297
5.68898490446297
5.68898490446297
5.68898490446297
5.68898490446297
5.68898490446297
5.68898490446297
5.68898490446297
5.68898490446297
5.68898490446297
5.68898490446297
5.68898490446297
5.68898490446297
5.68898490446297
5.68898490446297
5.68898490446297
5.68898490446297
5.68898490446297
5.68898490446297
5.68898490446297
5.68898490446297
5.68898490446297
5.68898490446297
5.68898490446297
5.68898490446297
5.68898490446297
5.68898490446297
5.68898490446297
5.68898490446297
5.68898490446297
5.68898490446297
5.68898490446297
5.68592466129285
5.68592466129285
5.68592466129285
5.68592466129285
5.68592466129285
5.68592466129285
5.68592466129285
5.68592466129285
5.68592466129285
5.68592466129285
5.68592466129285
5.68592466129285
5.68592466129285
5.68592466129285
5.68592466129285
5.68592466129285
5.68592466129285
5.68592466129285
5.68592466129285
5.68592466129285
5.68592466129285
5.68592466129285
5.68592466129285
5.68592466129285
5.68592466129285
5.68592466129285
5.68592466129285
5.68592466129285
5.68592466129285
5.68592466129285
5.68592466129285
5.68592466129285
5.68592466129285
5.68592466129285
5.68592466129285
5.68592466129285
5.68592466129285
5.68592466129285
5.68592466129285
5.68592466129285
5.68592466129285
5.68592466129285
5.68592466129285
5.68592466129285
5.68592466129285
5.68592466129285
5.68592466129285
5.68592466129285
5.68592466129285
5.68592466129285
5.68592466129285
5.68592466129285
5.68592466129285
5.68592466129285
5.68592466129285
5.68592466129285
5.68592466129285
5.68592466129285
5.68592466129285
5.68592466129285
5.68592466129285
5.68592466129285
5.68592466129285
5.68592466129285
5.68592466129285
5.68592466129285
5.68592466129285
5.68592466129285
5.68592466129285
5.68592466129285
5.68592466129285
5.68592466129285
5.68592466129285
5.68592466129285
5.68592466129285
5.68592466129285
5.68592466129285
5.68592466129285
5.68592466129285
5.68592466129285
5.68592466129285
5.68592466129285
5.68592466129285
5.68592466129285
5.68592466129285
5.68592466129285
5.68592466129285
5.68592466129285
5.68592466129285
5.68592466129285
5.68592466129285
5.68592466129285
5.68592466129285
5.68592466129285
5.68592466129285
5.68592466129285
5.68592466129285
5.68592466129285
5.68592466129285
5.68592466129285
5.68592466129285
5.68592466129285
5.68592466129285
5.68592466129285
5.68592466129285
5.68592466129285
5.68592466129285
5.68592466129285
5.68592466129285
5.68592466129285
5.68592466129285
5.68592466129285
5.68592466129285
5.68592466129285
5.68592466129285
5.68592466129285
5.68592466129285
5.68592466129285
5.68909266553633
5.68909266553633
5.68909266553633
5.68909266553633
5.68909266553633
5.68909266553633
5.68909266553633
5.68909266553633
5.68909266553633
5.68909266553633
5.68909266553633
5.68909266553633
5.68909266553633
5.68909266553633
5.68909266553633
5.68909266553633
5.68909266553633
5.68909266553633
5.68909266553633
5.68909266553633
5.68909266553633
5.68909266553633
5.68909266553633
5.68909266553633
5.68909266553633
5.68909266553633
5.68909266553633
5.68909266553633
5.68909266553633
5.6921395792037
5.6921395792037
5.6921395792037
5.6921395792037
5.6921395792037
5.6921395792037
5.6921395792037
5.6921395792037
5.6921395792037
5.6921395792037
5.6921395792037
5.6921395792037
5.6921395792037
5.6921395792037
5.6921395792037
5.6921395792037
5.6921395792037
5.6921395792037
5.6921395792037
5.6921395792037
5.6921395792037
5.6921395792037
5.6921395792037
5.6921395792037
5.6921395792037
5.6921395792037
5.6921395792037
5.6921395792037
5.6921395792037
5.6921395792037
5.6921395792037
5.6921395792037
5.6921395792037
5.6921395792037
5.6921395792037
5.6921395792037
5.6921395792037
5.6921395792037
5.6921395792037
5.6921395792037
5.6921395792037
5.6921395792037
5.6921395792037
5.6921395792037
5.6921395792037
5.6921395792037
5.6921395792037
5.6921395792037
5.6921395792037
5.6921395792037
5.6921395792037
5.6921395792037
5.6921395792037
5.6921395792037
5.6921395792037
5.6921395792037
5.68908670863271
5.68908670863271
5.68908670863271
5.68558161836669
5.68393605200492
5.68393605200492
5.68393605200492
5.68393605200492
5.68393605200492
5.68393605200492
5.68393605200492
5.68283063530034
5.68093389740521
5.67845916919889
5.67673673848796
5.67537461581335
5.67537461581335
5.67537461581335
5.67265122540225
5.67115610916149
5.67115610916149
5.67115610916149
5.67115610916149
5.67115610916149
5.67115610916149
5.67115610916149
5.67115610916149
5.67115610916149
5.67115610916149
5.67115610916149
5.67115610916149
5.67115610916149
5.67115610916149
5.67115610916149
5.67115610916149
5.67115610916149
5.67356679369615
5.67356679369615
5.67356679369615
5.67374028913996
5.67374028913996
5.67374028913996
5.67374028913996
5.67374028913996
5.67374028913996
5.67374028913996
5.67374028913996
5.67374028913996
5.67374028913996
5.67374028913996
5.67374028913996
5.67374028913996
5.67374028913996
5.67374028913996
5.67374028913996
5.67374028913996
5.67374028913996
5.67374028913996
5.67374028913996
5.67374028913996
5.67374028913996
5.67374028913996
5.67374028913996
5.67374028913996
5.67374028913996
5.67374028913996
5.67374028913996
5.67374028913996
5.67057503752382
5.67057503752382
5.67057503752382
5.67057503752382
5.67057503752382
5.67057503752382
5.67057503752382
5.67057503752382
5.67057503752382
5.67057503752382
5.67057503752382
5.67057503752382
5.66760701864622
5.66760701864622
5.66760701864622
5.66760701864622
5.66760701864622
5.66760701864622
5.66760701864622
5.66760701864622
5.66760701864622
5.66760701864622
5.66760701864622
5.66760701864622
5.66760701864622
5.66760701864622
5.66760701864622
5.66760701864622
5.66760701864622
5.66760701864622
5.66760701864622
5.66760701864622
5.66760701864622
5.66760701864622
5.66760701864622
5.66760701864622
5.66760701864622
5.66760701864622
5.66760701864622
5.66760701864622
5.66760701864622
5.66760701864622
5.66760701864622
5.66760701864622
5.66760701864622
5.66760701864622
5.66760701864622
5.66760701864622
5.66760701864622
5.66760701864622
5.66760701864622
5.66760701864622
5.66760701864622
5.66760701864622
5.66760701864622
5.66760701864622
5.66760701864622
5.66760701864622
5.66760701864622
5.66760701864622
5.67010946663215
5.67010946663215
5.67010946663215
5.67010946663215
5.67010946663215
5.67010946663215
5.67010946663215
5.67103386833977
5.67103386833977
5.67070462335287
5.6704513402869
5.6704513402869
5.6704513402869
5.6704513402869
5.6704513402869
5.6704513402869
5.6704513402869
5.6704513402869
5.6704513402869
5.6704513402869
5.6704513402869
5.6704513402869
5.6704513402869
5.6704513402869
5.6704513402869
5.6704513402869
5.6704513402869
5.6704513402869
5.6704513402869
5.6704513402869
5.6704513402869
5.6704513402869
5.6704513402869
5.6704513402869
5.6704513402869
5.6704513402869
5.6704513402869
5.6704513402869
5.6704513402869
5.6704513402869
5.6704513402869
5.6704513402869
5.6704513402869
5.6704513402869
5.6704513402869
5.6704513402869
5.6704513402869
5.6704513402869
5.6704513402869
5.66737695244913
5.66737695244913
5.66737695244913
5.66737695244913
5.66737695244913
5.66737695244913
5.66737695244913
5.66737695244913
5.66737695244913
5.66737695244913
5.66592485918444
5.66627260175857
5.66685120149387
5.66777854193379
5.6693862828701
5.6693862828701
5.6693862828701
5.6693862828701
5.6693862828701
5.67232028391024
5.67232028391024
5.67091915181682
5.67091915181682
5.67091915181682
5.67423791714406
5.67579227193082
5.67579227193082
5.67881321058723
5.64678585105398
5.60067906350245
5.56496081828127
5.52513518923
5.52242122266897
5.52614168114098
5.46950843786048
5.43261323127127
5.41492823477928
5.41685937396934
5.41834470206251
5.41943307737632
5.4215076918786
5.3667079628124
5.36874749298191
5.37045619790102
5.37228983690242
5.37407738810495
5.37505001055815
5.37032537571942
5.36964674023872
5.36983778183969
5.37018622744048
5.37018622744048
5.18445587633853
5.18410173552563
5.18337554192219
5.18257661633359
5.18171273000361
5.18079033057812
5.18079033057812
5.18079033057812
5.18079033057812
5.17960035591607
5.17880574700069
5.17795473490811
5.17739982168299
5.17690205113541
5.17620453353037
5.17620453353037
5.17620453353037
5.17620453353037
5.17527801985787
5.17527801985787
5.17426656095684
5.17372796519319
5.17372796519319
5.17372796519319
5.17372796519319
5.17372796519319
5.17372796519319
5.17372796519319
5.17372796519319
5.17372796519319
5.17099469759164
5.17099469759164
5.16999148002228
5.16999148002228
5.16999148002228
5.16858170620788
5.16807832703529
5.16807832703529
5.16807832703529
5.16807832703529
5.16807832703529
5.16807832703529
5.16807832703529
5.16807832703529
5.16807832703529
5.16515799216465
5.16456362123766
5.16400156632522
5.16400156632522
5.16292604466268
5.16235648480763
5.16169164319512
5.16099495452072
5.16022303030865
5.15961550994121
5.15911911910792
5.15878258656059
5.15890071217228
5.15920367616234
5.15998315907748
5.16112634201066
5.1632085327074
5.22357834098665
5.22589585636775
5.22914003434313
5.23212329304107
5.23440657710403
5.23666360530281
5.23880429384625
5.24077979673341
5.2432227761491
5.24707725727431
5.25023949594641
5.25325601505227
5.25672455291885
5.2608279788144
5.26494979398739
5.2680109320157
5.27031109111982
5.27255706301891
5.27518507031737
5.27775963165317
5.27991988257459
5.2820356554798
5.28462502631457
5.28696088910394
5.2889151165223
5.29056065508574
5.29201411945469
5.29331961628919
5.29441930100742
5.29525587351679
5.2953230245362
5.29522032137648
5.29498480903955
5.29467959922572
5.29467959922572
5.29467959922572
5.29376927888684
5.292807471662
5.29196991085785
5.2913207880566
5.29070557007237
5.29003690532859
5.28916987658959
5.28836028381387
5.28836028381387
5.28836028381387
5.28836028381387
5.28836028381387
5.28676954424988
5.28676954424988
5.28676954424988
5.28676954424988
5.28676954424988
5.28398040995935
5.28319420453301
5.28319420453301
5.28319420453301
5.28319420453301
5.28319420453301
5.28319420453301
5.28319420453301
5.28319420453301
5.28319420453301
5.28319420453301
5.28319420453301
5.28319420453301
5.28319420453301
5.28319420453301
5.28045276705772
5.28045276705772
5.28045276705772
5.28045276705772
5.28045276705772
5.28045276705772
5.28045276705772
5.28045276705772
5.27772120967603
5.27772120967603
5.27772120967603
5.27772120967603
5.27772120967603
5.27772120967603
5.27772120967603
5.27772120967603
5.27469508306019
5.27469508306019
5.2737353587
5.27315013988552
5.27261322904079
5.27214877160537
5.27183221189258
5.27177517860352
5.27261942427768
5.27414124392584
5.27540670844037
5.27703784831478
5.27877799625129
5.2808960279075
5.28338434957591
5.28545562156394
5.28719512297179
5.28942001565256
5.29128730440727
5.29375531145017
5.29590200751848
5.29808788267975
5.30022108963714
5.30220709952023
5.30427118457383
5.30589895298144
5.30758321259509
5.30899946357403
5.31058557361354
5.31217220262781
5.31369818153056
5.31539207680596
5.31682843616399
5.31818033555046
5.31990196308552
5.32137662308661
5.32284741755741
5.3235820056685
5.32423329072474
5.32466108403191
5.32505251473324
5.32517524769668
5.32497242432737
5.32453970602984
5.3240824561489
5.32352995948571
5.32301471189972
5.32248354970905
5.32180137959847
5.32118005322381
5.32059238738984
5.32059238738984
5.32059238738984
5.32059238738984
5.32059238738984
5.32059238738984
5.32059238738984
5.32059238738984
5.32059238738984
5.32059238738984
5.32059238738984
5.32059238738984
5.32059238738984
5.31757268810093
5.31757268810093
5.31757268810093
5.31757268810093
5.31757268810093
5.31757268810093
5.31757268810093
5.31757268810093
5.31757268810093
5.31757268810093
5.31757268810093
5.31757268810093
5.31475829270588
5.31475829270588
5.31475829270588
5.31475829270588
5.31475829270588
5.31475829270588
5.31475829270588
5.31475829270588
5.31475829270588
5.31475829270588
5.31475829270588
5.31475829270588
5.31198392894051
5.31198392894051
5.31198392894051
5.31198392894051
5.31198392894051
5.31198392894051
5.31198392894051
5.31198392894051
5.31198392894051
5.31198392894051
5.31198392894051
5.31198392894051
5.31198392894051
5.30905956245201
5.30905956245201
5.30905956245201
5.30905956245201
5.30905956245201
5.30905956245201
5.30905956245201
5.30905956245201
5.30905956245201
5.30905956245201
5.30905956245201
5.30905956245201
5.30905956245201
5.30905956245201
5.30905956245201
5.30905956245201
5.30905956245201
5.30905956245201
5.30905956245201
5.30905956245201
5.30905956245201
5.30905956245201
5.30905956245201
5.30905956245201
5.30905956245201
5.30905956245201
5.30905956245201
5.30905956245201
5.30905956245201
5.30905956245201
5.30905956245201
5.30905956245201
5.30905956245201
5.30905956245201
5.30905956245201
5.30905956245201
5.30905956245201
5.30905956245201
5.30905956245201
5.30905956245201
5.30905956245201
5.30905956245201
5.30905956245201
5.30905956245201
5.30905956245201
5.30905956245201
5.30905956245201
5.31007105298981
5.31007105298981
5.31007105298981
5.31007105298981
5.31007105298981
5.31007105298981
5.31007105298981
5.31007105298981
5.31007105298981
5.31007105298981
5.31007105298981
5.31007105298981
5.31007105298981
5.31007105298981
5.31007105298981
5.31007105298981
5.31007105298981
5.31007105298981
5.31007105298981
5.31007105298981
5.31007105298981
5.31007105298981
5.31007105298981
5.31007105298981
5.31007105298981
5.31007105298981
5.31007105298981
5.31007105298981
5.31007105298981
5.31007105298981
5.31007105298981
5.31007105298981
5.31007105298981
5.31007105298981
5.31007105298981
5.31007105298981
5.31007105298981
5.31007105298981
5.31007105298981
5.31007105298981
5.31007105298981
5.31007105298981
5.31007105298981
5.31007105298981
5.31007105298981
5.31007105298981
5.31007105298981
5.31007105298981
5.31007105298981
5.31007105298981
5.31007105298981
5.31007105298981
5.31007105298981
5.31007105298981
5.31007105298981
5.31007105298981
5.31007105298981
5.31007105298981
5.31007105298981
5.31007105298981
5.31007105298981
5.31007105298981
5.31007105298981
5.31007105298981
5.31007105298981
5.31007105298981
5.31007105298981
5.31007105298981
5.31007105298981
5.31007105298981
5.31007105298981
5.31007105298981
5.31007105298981
5.31007105298981
5.31007105298981
5.31007105298981
5.31007105298981
5.31007105298981
5.31007105298981
5.31007105298981
5.31007105298981
5.30727657577309
5.30727657577309
5.30727657577309
5.30727657577309
5.30727657577309
5.30727657577309
5.30727657577309
5.30727657577309
5.30727657577309
5.30727657577309
5.30727657577309
5.30727657577309
5.30727657577309
5.30727657577309
5.30727657577309
5.30727657577309
5.30727657577309
5.30727657577309
5.30727657577309
5.30455040590242
5.30455040590242
5.30455040590242
5.30455040590242
5.30455040590242
5.30455040590242
5.30455040590242
5.30455040590242
5.30455040590242
5.30455040590242
5.30455040590242
5.30455040590242
5.30455040590242
5.30455040590242
5.30455040590242
5.30455040590242
5.30455040590242
5.30455040590242
5.30455040590242
5.30455040590242
5.30455040590242
5.30455040590242
5.30455040590242
5.30455040590242
5.30455040590242
5.30455040590242
5.30455040590242
5.30455040590242
5.30175791896617
5.30175791896617
5.30175791896617
5.30175791896617
5.30175791896617
5.30175791896617
5.30175791896617
5.30175791896617
5.30175791896617
5.30175791896617
5.30175791896617
5.30175791896617
5.30175791896617
5.30175791896617
5.30175791896617
5.30175791896617
5.30175791896617
5.30175791896617
5.30175791896617
5.30175791896617
5.30175791896617
5.30175791896617
5.30175791896617
5.30175791896617
5.30175791896617
5.30175791896617
5.30509051203399
5.30758717265745
5.30911917562986
5.31059937035629
5.31184677889157
5.31311063869513
5.31474542012377
5.31675887582181
5.32026009056478
5.32318855921979
5.3257965747616
5.32858154331337
5.33085975905176
5.33397744152304
5.33742271934691
5.34021255489626
5.34249558693303
5.34614624382378
5.34890827347907
5.35130213316748
5.35404617889211
5.35795439705214
5.36150283065816
5.36478167950578
5.36785126604955
5.36959319205003
5.3708242939061
5.37168713565543
5.37168713565543
5.37168713565543
5.37302172941778
5.37325574512086
5.37342266252105
5.37342266252105
5.37342266252105
5.37331143850925
5.37320002706021
5.37302925467556
5.37278277980555
5.37234691501486
5.37172379340189
5.37101112827925
5.37048692881946
5.37048692881946
5.37048692881946
5.37048692881946
5.37048692881946
5.37048692881946
5.37048692881946
5.36869523622143
5.36869523622143
5.36869523622143
5.36726406057038
5.36726406057038
5.36726406057038
5.36726406057038
5.36567328879349
5.36567328879349
5.36567328879349
5.36567328879349
5.36567328879349
5.36567328879349
5.36567328879349
5.36567328879349
5.36567328879349
5.36567328879349
5.36567328879349
5.3635952000889
5.36311001663518
5.36266444267563
5.36237337563279
5.36237337563279
5.36237337563279
5.36237337563279
5.36237337563279
5.36237337563279
5.36237337563279
5.36237337563279
5.36237337563279
5.36237337563279
5.36237337563279
5.36237337563279
5.36031094182062
5.36005653896783
5.3597763598425
5.35971250773623
5.35971250773623
5.35971250773623
5.35971250773623
5.35971250773623
5.35971250773623
5.35971250773623
5.35971250773623
5.3942998812012
5.44926297017555
5.50283734839767
5.55071555672186
5.57702724734975
5.60499893666421
5.6366587062031
5.68724643235416
5.72746619740565
5.75297173285238
5.81474987229439
5.85790463235898
5.89551930373871
5.93890219135864
5.97567311969795
6.01296738970946
6.05443741488553
6.10681825870601
6.16258792358479
6.22374140826901
6.30054107823006
6.35960796588443
6.39678399296306
6.44822830962814
6.51562741000147
6.53122967993317
6.53630806777071
6.55092474785924
6.57232195093221
6.58409355037946
6.59644165461827
6.60686719582835
6.61249038182618
6.62508767561164
6.63368876170439
6.63820530613396
6.63820684108056
6.63807382379978
6.63792791684263
6.63767411912931
6.63767411912931
6.63767411912931
6.63767411912931
6.63767411912931
6.63767411912931
6.63767411912931
6.63767411912931
6.63767411912931
6.63767411912931
6.63767411912931
6.63767411912931
6.63767411912931
6.6341333614155
6.6341333614155
6.6341333614155
6.6341333614155
6.6341333614155
6.6341333614155
6.6341333614155
6.6341333614155
6.6341333614155
6.6341333614155
6.6341333614155
6.6341333614155
6.63047708890868
6.63047708890868
6.63047708890868
6.63047708890868
6.63047708890868
6.63047708890868
6.63047708890868
6.63047708890868
6.63047708890868
6.63047708890868
6.62695453187374
6.62695453187374
6.62695453187374
6.62695453187374
6.62695453187374
6.62695453187374
6.62695453187374
6.62695453187374
6.62695453187374
6.62695453187374
6.62695453187374
6.62349036464035
6.62349036464035
6.62349036464035
6.62349036464035
6.62349036464035
6.62349036464035
6.62349036464035
6.62349036464035
6.62349036464035
6.62322643348566
6.62322643348566
6.62510297590794
6.62714405947127
6.63016052223178
6.63323180321346
6.63639655141374
6.76213387673053
6.92511807142897
6.95132919902028
6.96838425724637
7.00900725888499
7.02791527004755
7.03731090895464
7.03988619779014
7.03988619779014
7.03988619779014
7.03988619779014
7.04439217856272
7.04766551611877
7.0498747682393
7.05207089356778
7.05441315271693
7.05639123730454
7.05872959781577
7.06082417801737
7.06306623917537
7.06536528705203
7.06720113644131
7.06897497247211
7.07075938062183
7.07207597222167
7.07313677458459
7.07396097343411
7.07448846802864
7.07448218115577
7.07423874744349
7.07423874744349
7.07423874744349
7.07423874744349
7.07423874744349
7.07423874744349
7.07423874744349
7.07423874744349
7.07423874744349
7.07423874744349
7.07423874744349
7.07423874744349
7.07423874744349
7.07423874744349
7.07050248056236
7.06809635773128
7.06572812763487
7.06318208734347
7.06074188389132
7.05831757073217
7.05576261134024
7.05340470623887
7.0510200405203
7.04866640575127
7.04650807204447
7.04428399050274
7.04428399050274
