19.0828918385624
19.0828918385624
19.0828918385624
19.0828918385624
19.0828918385624
19.0828918385624
19.0828918385624
19.0828918385624
19.0828918385624
19.0828918385624
19.0828918385624
19.0828918385624
19.0828918385624
19.0828918385624
19.0828918385624
19.0828918385624
19.0828918385624
19.0828918385624
19.0828918385624
19.0828918385624
19.0828918385624
19.0828918385624
19.0828918385624
19.0828918385624
19.0828918385624
19.0828918385624
19.0541445357414
19.0213588229199
18.9741902359794
18.9206339885539
18.8675963001038
18.8150691860746
18.7630448330586
18.7140076938808
18.6742112515227
18.6476306293916
18.6305715851154
18.6201934311474
18.6174129088314
18.5814039573623
18.534155568942
18.5125690691197
18.4776387806551
18.4221638581103
18.3709266795162
18.3270041520556
18.292616296606
18.2749628367445
18.2749628367445
18.2749628367445
18.2749628367445
18.2749628367445
18.2749628367445
18.2749628367445
18.2749628367445
18.2749628367445
18.2749628367445
18.2749628367445
18.2749628367445
18.2749628367445
18.2749628367445
18.2749628367445
18.2749628367445
18.2749628367445
18.2749628367445
18.2749628367445
18.2749628367445
18.2749628367445
18.2749628367445
18.2749628367445
18.2749628367445
18.2749628367445
18.2493003518765
18.2246924807553
18.1917475275789
18.1530055417105
18.1129471747429
18.0736700924602
18.0347080117597
17.9961852766873
17.9589728064688
17.9270376300459
17.9029985756243
17.8881462035688
17.8793507198976
17.8793507198976
17.8793507198976
17.8793507198976
17.8793507198976
17.8793507198976
17.8793507198976
17.8793507198976
17.8793507198976
17.8793507198976
17.8793507198976
17.8793507198976
17.8793507198976
17.8793507198976
17.8793507198976
17.8793507198976
17.8793507198976
17.8793507198976
17.8793507198976
17.8793507198976
17.8793507198976
17.8793507198976
17.8793507198976
17.8793507198976
17.8793507198976
17.8793507198976
17.8793507198976
17.8793507198976
17.8793507198976
17.8793507198976
17.8793507198976
17.8793507198976
17.8793507198976
17.8793507198976
17.8793507198976
17.8675968605691
17.8436309729928
17.8112096917159
17.7766354321133
17.74219212049
17.7071920134479
17.6732543279946
17.6395683910895
17.6111654037604
17.5912922560437
17.5755595517056
17.5647131685931
17.5575749480913
17.5575749480913
17.5575749480913
17.5575749480913
17.5575749480913
17.5575749480913
17.5575749480913
17.5575749480913
17.5575749480913
17.5575749480913
17.5575749480913
17.5575749480913
17.5575749480913
17.5575749480913
17.5575749480913
17.5575749480913
17.5575749480913
17.5575749480913
17.5575749480913
17.5575749480913
17.5575749480913
17.5575749480913
17.5575749480913
17.5575749480913
17.5575749480913
17.5575749480913
17.5575749480913
17.5575749480913
17.5575749480913
17.5575749480913
17.5575749480913
17.5575749480913
17.5575749480913
17.5575749480913
17.5575749480913
17.5575749480913
17.5575749480913
17.5607139344245
17.5457264944052
17.5274431220805
17.5087384242638
17.4902508639881
17.4727950290001
17.4727950290001
17.4727950290001
17.4727950290001
17.4727950290001
17.4727950290001
17.4727950290001
17.4727950290001
17.5073780943329
17.522970403921
17.5371222826827
17.5475746399572
17.5475746399572
17.5475746399572
17.5475746399572
17.5475746399572
17.5475746399572
17.5475746399572
17.5475746399572
17.5475746399572
17.5475746399572
17.5475746399572
17.5475746399572
17.5475746399572
17.5475746399572
17.5475746399572
17.5475746399572
17.5475746399572
17.5475746399572
17.5475746399572
17.5475746399572
17.5475746399572
17.5475746399572
17.5475746399572
17.5475746399572
17.5475746399572
17.5475746399572
17.5475746399572
17.5475746399572
17.5475746399572
17.5475746399572
17.5475746399572
17.5475746399572
17.5475746399572
17.5475746399572
17.5475746399572
17.5475746399572
17.5475746399572
17.5475746399572
17.5475746399572
17.5475746399572
17.5475746399572
17.5475746399572
17.5475746399572
17.5475746399572
17.5475746399572
17.5475746399572
17.5475746399572
17.5475746399572
17.5475746399572
17.5475746399572
17.5475746399572
17.5475746399572
17.5475746399572
17.5475746399572
17.5475746399572
17.5475746399572
17.5475746399572
17.5475746399572
17.5475746399572
17.5475746399572
17.5475746399572
17.5475746399572
17.5475746399572
17.5475746399572
17.5475746399572
17.5475746399572
17.5475746399572
17.5475746399572
17.5475746399572
17.5475746399572
17.5475746399572
17.5475746399572
17.5475746399572
17.5475746399572
17.5475746399572
17.5475746399572
17.5475746399572
17.5475746399572
17.5475746399572
17.5475746399572
17.5475746399572
17.5475746399572
17.5475746399572
17.5475746399572
17.5475746399572
17.5475746399572
17.5475746399572
17.5108890273919
17.5108890273919
17.4751746312175
17.4497089039256
17.4213797633508
17.393547620038
17.3655189594662
17.3412207694047
17.3227902907213
17.3087979876932
17.298874605732
17.298874605732
17.298874605732
17.298874605732
17.298874605732
17.298874605732
17.298874605732
17.298874605732
17.298874605732
17.298874605732
17.298874605732
17.298874605732
17.298874605732
17.298874605732
17.298874605732
17.298874605732
17.298874605732
17.298874605732
17.298874605732
17.298874605732
17.298874605732
17.298874605732
17.298874605732
17.298874605732
17.298874605732
17.298874605732
17.298874605732
17.298874605732
17.298874605732
17.298874605732
17.298874605732
17.298874605732
17.2432918732543
17.2169480747884
17.1867588465031
17.1513448584863
17.1136317486786
17.0759081475268
17.0391147672412
17.0021012332947
16.9664001155863
16.9330661125235
16.9118476748412
16.8998969797811
16.8932272870618
16.8932272870618
16.89184671027
16.8882354373918
16.8792983476784
16.8792983476784
16.8792983476784
16.8792983476784
16.8792983476784
16.8792983476784
16.8792983476784
16.8792983476784
16.8792983476784
16.8792983476784
16.8792983476784
16.8792983476784
16.8792983476784
16.8792983476784
16.8792983476784
16.8792983476784
16.8792983476784
16.8792983476784
16.8792983476784
16.8792983476784
16.8792983476784
16.8792983476784
16.8792983476784
16.8792983476784
16.8792983476784
16.8792983476784
16.8792983476784
16.8792983476784
16.7845837795329
16.7845837795329
16.6301911902966
16.6065466717556
16.5758201069227
16.5422105905318
16.5084487901777
16.4748686527298
16.4438946685473
16.4207455540897
16.4056028670952
16.3964003090585
16.3905126289326
16.3905126289326
16.3905126289326
16.3905126289326
16.3905126289326
16.3905126289326
16.3905126289326
16.3905126289326
16.3905126289326
16.3905126289326
16.3905126289326
16.3905126289326
16.3905126289326
16.3905126289326
16.3905126289326
16.3905126289326
16.3905126289326
16.3905126289326
16.3905126289326
16.3905126289326
16.3905126289326
16.3905126289326
16.3905126289326
16.3905126289326
16.3905126289326
16.3905126289326
16.3905126289326
16.3905126289326
16.3905126289326
16.3905126289326
16.3905126289326
16.3905126289326
16.3683757829738
16.3493143715674
16.3256172408755
16.2993147669959
16.2727644124171
16.2460240336403
16.2205118882691
16.1970043666219
16.1794625619185
16.1659520350462
16.1556361794628
16.1488147166144
16.1488147166144
16.1488147166144
16.1488147166144
16.1488147166144
16.1488147166144
16.1488147166144
16.1488147166144
16.1488147166144
16.1488147166144
16.1488147166144
16.1488147166144
16.1488147166144
16.1488147166144
16.1488147166144
16.1488147166144
16.1488147166144
16.1488147166144
16.1488147166144
16.1488147166144
16.1488147166144
16.1488147166144
16.1488147166144
16.1488147166144
16.1488147166144
16.1488147166144
16.1488147166144
16.1488147166144
16.1488147166144
16.1488147166144
16.1488147166144
16.1488147166144
16.1488147166144
16.1488147166144
16.1488147166144
16.1249039188101
16.1146424081309
16.1037100071229
16.0920891354245
16.0807977946553
16.0702061391377
16.0636161155478
16.0636161155478
16.0636161155478
16.0636161155478
16.0636161155478
16.0636161155478
16.0636161155478
16.0636161155478
16.0636161155478
16.0636161155478
16.0636161155478
16.0636161155478
16.0636161155478
16.0636161155478
16.0636161155478
16.0636161155478
16.0636161155478
16.0636161155478
16.0636161155478
16.0636161155478
16.0636161155478
16.0636161155478
16.0636161155478
16.0636161155478
16.0636161155478
16.0636161155478
16.0636161155478
16.0636161155478
16.0636161155478
16.0636161155478
16.0636161155478
16.0636161155478
16.0636161155478
16.0636161155478
16.0636161155478
16.0636161155478
16.0349595494079
16.0219068435917
16.0085118917689
15.9953754697326
15.9829721836223
15.9732387689293
15.9676805793231
15.9676805793231
15.9676805793231
15.9676805793231
15.9676805793231
15.9676805793231
